0102, 월, 1 2 3 4 5 6 7 8 9
0104, 월, 1 2 3 4 5 6 7 8 9
0206, 월, 4
0207, 월, 3 9
0209, 월, 4 5 7 8 9
0212, 월, 7 8 9
0213, 월, 1 2 3 4 5 6 7 8 9
0214, 월, 7 8 9
0301, 월, 6
0302, 월, 9
0303, 월, 7 8 9
0304, 월, 9
0305, 월, 9
0306, 월, 1 2 5 6 9
0309, 월, 9
0310, 월, 4 5 7 8 9
0311, 월, 5 6 9
0401, 월, 1 4 7 8 9
0402, 월, 4 7 8 9
0403, 월, 1 2 6 7 8 9
0404, 월, 3 9
0405, 월, 1 2 3 9
0409, 월, 3 4 9
0410, 월, 9
0411, 월, 4 9
0412, 월, 
0413, 월, 3 9
0415, 월, 1
0416, 월, 1 3 4 7 8 9
0501, 월, 1 2 7 8 9
0502, 월, 1 2 7 8 9
0503, 월, 1 2 5 6 9
0504, 월, 1 2 3
0505, 월, 1 2 3 4 7 8 9
0506, 월, 7 9
0508, 월, 1 4 9
0509, 월, 3 4 9
0511, 월, 1 4 9
0512, 월, 9
0513, 월, 9
0514, 월, 9
0515, 월, 1 2 3 9
0516, 월, 1 2 5 6 9
0517, 월, 3 4 5 6 8 9
0518, 월, 1 2 3 4 5 6 7 8 9
0604, 월, 1 2 3 7 8 9
1206, 월, 1 2 3 4 7 8 9
1301, 월, 7 8 9
1302, 월, 9
1303, 월, 3
1304, 월, 1 2 3 4 5 6 7 8 9
1305, 월, 1 2 3 4 5 6 7 8 9
1306, 월, 1 2 9
1307, 월, 7 8 9
1308, 월, 1 2 7 8 9
1309, 월, 1 2 3 7 8 9
1310, 월, 7 8 9
1311, 월, 7 8 9
1312, 월, 1 2 5 6 9
1313, 월, 3 4 9
1314, 월, 7 8 9
1334, 월, 1 2 3 4 5 6 7 8 9
1401, 월, 1 2 9
1402, 월, 9
1403, 월, 1 2 7 8 9
1409, 월, 7 8
1410, 월, 1 2 3 9
1411, 월, 7 8 9
1501, 월, 9
1502, 월, 1 2
1503, 월, 9
1504, 월, 9
1505, 월, 1 2 9
1506, 월, 1 2 5 6 9
1507, 월, 1 2 5 6 7 8
1509, 월, 7 8
1510, 월, 1 2 3 4 9
1511, 월, 1 2 7 8 9
1512, 월, 1 2 7 8 9
1513, 월, 7 8 9
1514, 월, 
2201, 월, 1 2 3
2213, 월, 4 9
2214, 월, 9
2301, 월, 1 2 5 6 9
2302, 월, 3 9
2303, 월, 9
2305, 월, 1 2 7 8 9
2306, 월, 3 4 5 6 9
2307, 월, 3 4 9
2308, 월, 5 6 7 8 9
2309, 월, 9
2310, 월, 4 9
2311, 월, 1 2
2312, 월, 7 8 9
2313, 월, 4 5 6
2314, 월, 1 2 3 9
2315, 월, 1 2 9
2401, 월, 1 2 3 9
2402, 월, 7 8 9
2403, 월, 7 8 9
2404, 월, 1 2 7 8 9
2406, 월, 4 5 6
2407, 월, 7 8 9
2408, 월, 1 2 5 6
2409, 월, 1 5 6 7 8 9
2410, 월, 5 6 7 8 9
2411, 월, 1 2 3 4 5 6 7 8 9
2412, 월, 4
2413, 월, 1 2 3 4 5 6 7 8 9
2414, 월, 1 2 3 9
2415, 월, 3 7 8 9
2416, 월, 1 2 3 4 5 6 7 8 9
2417, 월, 1 2 3 4 5 6 9
2501, 월, 1 2 3 4 9
2502, 월, 1 2 9
2503, 월, 5 6 9
2504, 월, 1 2 9
2506, 월, 1 2 5 6
2507, 월, 5 6 7 8 9
2508, 월, 1 2 3 4 5 6 7 8 9
2509, 월, 1 2 7 8 9
2510, 월, 5 6 7 8 9
2511, 월, 1 2 3 4 5 6 7 8 9
2512, 월, 1 2 3 4 5 6 7 8 9
2513, 월, 1 2 3 4 5 6 7 8 9
2514, 월, 1 2 3 4 5 6 7 8 9
2515, 월, 3 4 5 6 7 8 9
2516, 월, 1 2 3 4 5 6 7 8 9
2517, 월, 1 2 3 4 5 6 7 8 9
3112, 월, 1 2 3 4 5 6 7 8 9
3114, 월, 1 2
3118, 월, 1 2 5 6 7 8 9
3310, 월, 1 3 4 5 6 7 8 9
3311, 월, 4 7 8 9
3315, 월, 1 2 3 4 5 6 7 8 9
3411, 월, 5 6 7 8 9
3413, 월, 1 2 3 4 5 6 7 8 9
3511, 월, 1 2 3 4 5 6 7 8 9
3515, 월, 1 2 3 4 5 6 7 8 9
4207, 월, 1 2 3 4 5 6
4210, 월, 
4212, 월, 4 5 6 7 8 9
4213, 월, 1 2 3 4 5 6 7 8 9
4214, 월, 1 2 3 4 5 6 7 8 9
4215, 월, 
4216, 월, 1 2 3
4219, 월, 9
4402, 월, 1 2 9
4403, 월, 1 2 3 4 5 6
4404, 월, 1 2 3
4405, 월, 1 2 3 4 5 6 7 8 9
4411, 월, 1 2 3 9
4415, 월, 1 2 3
4417, 월, 1 2 3 4 5 6 7 8 9
4418, 월, 1 2 3 4 7 8 9
4419, 월, 1 2 3 4 7 8 9
5101, 월, 1 2 9
5109, 월, 1 2 3 4 5 6 7 8 9
5201, 월, 7 8 9
5203, 월, 1 2 3 4 5 9
5206, 월, 1 2 3 4 5 6 7 8 9
5207, 월, 1 2 3 4 5 6
5208, 월, 1 2 5 6 7 8 9
5212, 월, 1 2 3 7 9
5213, 월, 1 2 5 6 9
5214, 월, 1 2 3 4 5 6 9
5301, 월, 1 2 3 4 5 6 7 8 9
5307, 월, 4 5 6 7 8 9
5308, 월, 1 2 3 4 5 6 7 8 9
5309, 월, 5 6 8 9
5310, 월, 4 5 6 7 8 9
5311, 월, 1 2 3 4 5 6
5312, 월, 1 2 3 4 5 6 7 8
5313, 월, 1 2 3 4 5 6 7 8 9
5314, 월, 1 2 3 4 9
5402, 월, 1 2 6 8 9
5403, 월, 
5405, 월, 1 2 3 4 7 8 9
5406, 월, 1 2 3 4 7 8 9
6B01, 월, 1 2 3 4 5 6 7 8 9
0102, 화, 1 2 3 4 5 6
0104, 화, 5 6 7 8 9
0206, 화, 1 2 5 6 7 8 9
0207, 화, 1 2 4 9
0209, 화, 7 8 9
0212, 화, 1 2 3 4 5 6 7 8 9
0213, 화, 1 2 3 9
0214, 화, 3 4 9
0301, 화, 9
0302, 화, 5 6 9
0303, 화, 9
0304, 화, 3
0305, 화, 1 2 3 7 8 9
0306, 화, 9
0309, 화, 1 2 5 7 8 9
0310, 화, 4 8 9
0311, 화, 
0401, 화, 4 9
0402, 화, 1 3 4 9
0403, 화, 1 2 3 4 5 6 7 8 9
0404, 화, 7 8 9
0405, 화, 1 2 3 9
0409, 화, 3 4 9
0410, 화, 4 7 8 9
0411, 화, 3 7 8 9
0412, 화, 4 9
0413, 화, 
0415, 화, 1 2 3 4 9
0416, 화, 1 8 9
0501, 화, 3 4
0502, 화, 1 2 3 7 8 9
0503, 화, 9
0504, 화, 1 2 3 4 5 6 7 8 9
0505, 화, 1 2 3 4 5 6 7 8 9
0506, 화, 1 2 3 4 5 6 7 8 9
0508, 화, 5 6 7 8 9
0509, 화, 9
0511, 화, 4 5 6 7 8 9
0512, 화, 1 2 9
0513, 화, 5 6 7 8 9
0514, 화, 1 2 7 8 9
0515, 화, 3 4
0516, 화, 7 8 9
0517, 화, 3 4 7 8 9
0518, 화, 9
0604, 화, 3 4 8 9
1206, 화, 1 2 3 4 5 6 9
1301, 화, 1 2 3 4 5 6 7 8 9
1302, 화, 9
1303, 화, 7 8 9
1304, 화, 1 2 3 4 5 6 7 8 9
1305, 화, 1 2 3 4 7 8 9
1306, 화, 9
1307, 화, 9
1308, 화, 9
1309, 화, 1 2 9
1310, 화, 7 8
1311, 화, 7 8 9
1312, 화, 9
1313, 화, 9
1314, 화, 
1334, 화, 3 4 5 6 7 8 9
1401, 화, 1 2 3 4 5 6 7 8 9
1402, 화, 7 8 9
1403, 화, 1 2 3 9
1409, 화, 4 7 8 9
1410, 화, 7 8 9
1411, 화, 9
1501, 화, 7 8 9
1502, 화, 
1503, 화, 7 8 9
1504, 화, 1 2 3 4 5 6 7 8 9
1505, 화, 7 8 9
1506, 화, 7 8 9
1507, 화, 1 2 3 4 9
1509, 화, 9
1510, 화, 1 2 5 6 7 8 9
1511, 화, 1 2 7 8 9
1512, 화, 
1513, 화, 7 8 9
1514, 화, 
2201, 화, 1 2 5 6 7 8
2213, 화, 
2214, 화, 9
2301, 화, 1 2 5 6 9
2302, 화, 
2303, 화, 
2305, 화, 1 2 7 8 9
2306, 화, 1 2 9
2307, 화, 9
2308, 화, 1 2 9
2309, 화, 9
2310, 화, 1 2
2311, 화, 1 2
2312, 화, 9
2313, 화, 3
2314, 화, 1 2 3 9
2315, 화, 7 8 9
2401, 화, 1 2 3 4 5 6 9
2402, 화, 1 2 7 8 9
2403, 화, 1 2 9
2404, 화, 7 8 9
2406, 화, 9
2407, 화, 7 8 9
2408, 화, 9
2409, 화, 3 4 9
2410, 화, 1 2 5 6 7 8 9
2411, 화, 4 5 6 7 8 9
2412, 화, 1 2 9
2413, 화, 1 2 3 4 9
2414, 화, 
2415, 화, 1 2 5 6 7 8 9
2416, 화, 7 8 9
2417, 화, 1 2 5 6 9
2501, 화, 1 2 3 4 5 6 9
2502, 화, 1 2 3 4 9
2503, 화, 1 2 5 6 9
2504, 화, 1 2 5 6 9
2506, 화, 1 2 3 4 9
2507, 화, 1 2 7 8 9
2508, 화, 1 2 7 8 9
2509, 화, 1 2 3 4 7 8 9
2510, 화, 1 2 5 6 7 8 9
2511, 화, 1 2 3 7 8 9
2512, 화, 1 2 3 4 5 6 9
2513, 화, 5 6 9
2514, 화, 1 2 3
2515, 화, 1 2 3 4 5 6 7 8 9
2516, 화, 1 2 3 4 5 6 7 8 9
2517, 화, 1 2 3 4 5 6 7 8 9
3112, 화, 1 2 3 4 5 6 7 8 9
3114, 화, 
3118, 화, 1 2 3 4 7 8 9
3310, 화, 1 2 3 4 5 6 7 8 9
3311, 화, 4 7 8 9
3315, 화, 1 2 3 4 5 6 9
3411, 화, 1 2 5 6 7 8
3413, 화, 1 2 3 4 5 9
3511, 화, 1 2 3 4 5 6 7 8 9
3515, 화, 1 2 3 4 5 6 7 8 9
4207, 화, 
4210, 화, 1 2 3
4212, 화, 7 8 9
4213, 화, 1 2 3 7 8 9
4214, 화, 1 2 3 4 5 6 9
4215, 화, 1 2
4216, 화, 1 2 3
4219, 화, 4 5 6
4402, 화, 1 2 3 7 8 9
4403, 화, 
4404, 화, 1 2 3 7 8 9
4405, 화, 1 2 3 4 5 6 7 8 9
4411, 화, 1 2 3 4 5 6 7 8 9
4415, 화, 1 2 3
4417, 화, 
4418, 화, 1 2 3 4 7 8 9
4419, 화, 1 2 3 7 8 9
5101, 화, 1 2 3 4 7 8
5109, 화, 1 5 6 7 8 9
5201, 화, 4 5 6 7 8 9
5203, 화, 1 2 7 8 9
5206, 화, 1 2 3 4 5 6 7 8 9
5207, 화, 1 2 3 4 9
5208, 화, 1 2 3 4 5 6 7 8 9
5212, 화, 1 2 3 4 5 6 7 8 9
5213, 화, 1 4 5 6 7 8
5214, 화, 1 2 3 4 5 6 7 8 9
5301, 화, 2 3 4 5 6 7 8 9
5307, 화, 1 2 3 9
5308, 화, 1 2 4 9
5309, 화, 1 2 7 8 9
5310, 화, 1 2 3
5311, 화, 1 2 3 4 5 6 7 8 9
5312, 화, 1 2 3 4 7 8 9
5313, 화, 3 4 5 6 9
5314, 화, 1 2 7
5402, 화, 1 2 4 9
5403, 화, 3 4 5 6 7 8 9
5405, 화, 1 4 9
5406, 화, 9
6B01, 화, 1 2 7 8 9
0102, 수, 1 2 3 4 5 6 7 8 9
0104, 수, 1 2 3 4 5 6 7 8 9
0206, 수, 5 6 9
0207, 수, 1 2 9
0209, 수, 9
0212, 수, 1 2 3 4 5 6 7 8 9
0213, 수, 1 2 3 4 5 6 7 8 9
0214, 수, 9
0301, 수, 3 4 5
0302, 수, 1 9
0303, 수, 1 2 7 8 9
0304, 수, 1 2 7 8 9
0305, 수, 1 2 9
0306, 수, 9
0309, 수, 4 7 8 9
0310, 수, 7 8 9
0311, 수, 3 9
0401, 수, 7 8 9
0402, 수, 1 2 7 8 9
0403, 수, 9
0404, 수, 9
0405, 수, 9
0409, 수, 9
0410, 수, 4 9
0411, 수, 4 9
0412, 수, 
0413, 수, 4 5 6
0415, 수, 4 9
0416, 수, 1 8
0501, 수, 3 4 9
0502, 수, 4 7 8 9
0503, 수, 3 4 5 6 7 8 9
0504, 수, 1 2 3 4 6 7 8 9
0505, 수, 1 2 3 4 5 8 9
0506, 수, 4 9
0508, 수, 1 3 4 9
0509, 수, 9
0511, 수, 9
0512, 수, 1 2 9
0513, 수, 8 9
0514, 수, 4 5 6 7 8 9
0515, 수, 4 5 6
0516, 수, 2 5 6 7 8 9
0517, 수, 3 4
0518, 수, 1 2
0604, 수, 
1206, 수, 1 2 3 4 5 6 7 8 9
1301, 수, 4 5 6 7 8 9
1302, 수, 4 9
1303, 수, 1 2 9
1304, 수, 1 2 3 4 5 6 7 8 9
1305, 수, 1 2 3 4 7 8 9
1306, 수, 1 2
1307, 수, 9
1308, 수, 1 2 5 6 9
1309, 수, 4 7 8 9
1310, 수, 1 2 7 8 9
1311, 수, 7 8 9
1312, 수, 7 8 9
1313, 수, 4 9
1314, 수, 9
1334, 수, 1 2 3 4 5 6 7 8 9
1401, 수, 1 2 7 8 9
1402, 수, 7 8
1403, 수, 1 2 7 8 9
1409, 수, 1 2
1410, 수, 7 8 9
1411, 수, 9
1501, 수, 7 8
1502, 수, 9
1503, 수, 9
1504, 수, 9
1505, 수, 9
1506, 수, 9
1507, 수, 1 2 9
1509, 수, 9
1510, 수, 1 2
1511, 수, 7 8 9
1512, 수, 9
1513, 수, 
1514, 수, 9
2201, 수, 3 9
2213, 수, 4 9
2214, 수, 
2301, 수, 1 2 9
2302, 수, 
2303, 수, 9
2305, 수, 1 2 3 4 5 6 7 8 9
2306, 수, 5 6 9
2307, 수, 1 2 9
2308, 수, 5 6 9
2309, 수, 1 2 3 4 9
2310, 수, 3 4 9
2311, 수, 
2312, 수, 9
2313, 수, 4
2314, 수, 1 2
2315, 수, 9
2401, 수, 1 2 9
2402, 수, 5 6
2403, 수, 9
2404, 수, 1 2 9
2406, 수, 1 2 9
2407, 수, 4 5 6 7 8 9
2408, 수, 9
2409, 수, 1 2 3 4 5 6 7 8 9
2410, 수, 1 2 3 4 5 6 7 8 9
2411, 수, 1 2 3 4 5 6 7 8 9
2412, 수, 3 9
2413, 수, 1 2 3 4 5 6 9
2414, 수, 
2415, 수, 1 2 5 6 7 8 9
2416, 수, 1 2 9
2417, 수, 1 2 5 6 7 8 9
2501, 수, 9
2502, 수, 9
2503, 수, 9
2504, 수, 
2506, 수, 1 2 3 7 8 9
2507, 수, 1 2 7 8 9
2508, 수, 1 2 3 4 5 6 7 8 9
2509, 수, 1 2 3 7 8 9
2510, 수, 1 2 3 4 5 6 7 8 9
2511, 수, 1 2 3 4 5 6 7 8 9
2512, 수, 1 2 3 4 5 6 7 8 9
2513, 수, 1 2 3 4 5 6 7 8 9
2514, 수, 1 2 3 4 5 6 7 8 9
2515, 수, 1 2 3 4 5 6 7 8 9
2516, 수, 4 5 6 7 8 9
2517, 수, 1 2 3 4 5 6
3112, 수, 4 5 6 9
3114, 수, 1 2 9
3118, 수, 1 2 3 4 5 6 7 8 9
3310, 수, 4 7 8 9
3311, 수, 4 9
3315, 수, 1 2 3 4 5 6
3411, 수, 1 2 3 4 5 6 7 8 9
3413, 수, 1 2 3 4 5 6 7 8 9
3511, 수, 1 2 3 4 9
3515, 수, 1 2 3 4 5 6
4207, 수, 1 2 3 4 5 6
4210, 수, 
4212, 수, 1 2 3 4 5 6 7 8 9
4213, 수, 1 2 3 4 5 6
4214, 수, 1 2 3 7 8 9
4215, 수, 1 2 3
4216, 수, 
4219, 수, 4 5 6 7 8 9
4402, 수, 7 8 9
4403, 수, 
4404, 수, 
4405, 수, 1 2 3 4 5 6 7 8 9
4411, 수, 7 8 9
4415, 수, 7 8 9
4417, 수, 1 2 3
4418, 수, 1 2 3
4419, 수, 1 2 3 4 5 6 7 8 9
5101, 수, 1 2 9
5109, 수, 1 2 3 4 5 6 7 8 9
5201, 수, 7 8
5203, 수, 5 6 7 8 9
5206, 수, 1 2 3 4 5 6
5207, 수, 1 2 4 5 6
5208, 수, 1 2
5212, 수, 1 2 3 4 5 6 7 8 9
5213, 수, 4 9
5214, 수, 1 2 3 4 5 6 7 8 9
5301, 수, 1 2 3 7 8
5307, 수, 1 2 3 4 5 6 7 8 9
5308, 수, 1 2 3 4 5 7 8 9
5309, 수, 6 7 8 9
5310, 수, 3 4 5 6 7 8 9
5311, 수, 1 2 3 4 5 6 7 8 9
5312, 수, 3 4 5 6 7 8 9
5313, 수, 1 2 3 4 5 6 7 8 9
5314, 수, 1 2 3 9
5402, 수, 1 2 3 4 6 9
5403, 수, 2 4 5 6
5405, 수, 9
5406, 수, 1 2
6B01, 수, 1 2 3 4 5 6 7 8 9
0102, 목, 1 2 3 4 5 6 7 8 9
0104, 목, 1 2 5 6 7 8 9
0206, 목, 1 2 3 6 7 8 9
0207, 목, 1 2 9
0209, 목, 1 9
0212, 목, 4 5 6
0213, 목, 1 2 3 4 5 6 7 8 9
0214, 목, 4 9
0301, 목, 3 4 5 6
0302, 목, 2 4 7 8 9
0303, 목, 1 2 3 4 5 6 9
0304, 목, 1 2 9
0305, 목, 7 8 9
0306, 목, 1 2 5 6 9
0309, 목, 7 8 9
0310, 목, 4 8 9
0311, 목, 9
0401, 목, 1 2 3 4 9
0402, 목, 1 2 3 4 9
0403, 목, 1 2 3
0404, 목, 9
0405, 목, 3 4 5 6 7 8 9
0409, 목, 9
0410, 목, 1 2 5 6 9
0411, 목, 7 8 9
0412, 목, 
0413, 목, 1 2 3 4 5 6 9
0415, 목, 
0416, 목, 
0501, 목, 3 4 7 8 9
0502, 목, 1 2
0503, 목, 7 8 9
0504, 목, 1 2 7 8 9
0505, 목, 4 5 6 7 8 9
0506, 목, 5 6 7 8 9
0508, 목, 1 2 7 8 9
0509, 목, 9
0511, 목, 7 8 9
0512, 목, 9
0513, 목, 3 4 9
0514, 목, 1 2 7 8 9
0515, 목, 3 4 9
0516, 목, 1 2 7 8 9
0517, 목, 3 4 7 8 9
0518, 목, 1 2 3 4 9
0604, 목, 3 4 5 8 9
1206, 목, 1 2 3 4 5 6 7 8 9
1301, 목, 1 2 3 4 5 6 7 8 9
1302, 목, 9
1303, 목, 9
1304, 목, 1 2 7 8 9
1305, 목, 1 2 3 4 5 6 7 8 9
1306, 목, 1 2 9
1307, 목, 1 2 9
1308, 목, 1 2 7 8
1309, 목, 1 2 9
1310, 목, 1 2 5 6 9
1311, 목, 7 8 9
1312, 목, 9
1313, 목, 
1314, 목, 7 8 9
1334, 목, 1 2 3 4 5 6 7 8 9
1401, 목, 1 2 5 6 7 8 9
1402, 목, 6 7 8 9
1403, 목, 4 9
1409, 목, 3 7 8
1410, 목, 1 2 3 9
1411, 목, 5
1501, 목, 5 6 9
1502, 목, 8 9
1503, 목, 
1504, 목, 1 2 7 8
1505, 목, 
1506, 목, 7 8 9
1507, 목, 1 2 9
1509, 목, 9
1510, 목, 9
1511, 목, 1 2 5 6
1512, 목, 9
1513, 목, 7 8 9
1514, 목, 7 8 9
2201, 목, 3 9
2213, 목, 4 5 6 9
2214, 목, 
2301, 목, 9
2302, 목, 3 4 9
2303, 목, 
2305, 목, 1 2 7 8 9
2306, 목, 1 2 7 8 9
2307, 목, 1 2 3
2308, 목, 9
2309, 목, 3 4 5 6
2310, 목, 1 2 5 6 9
2311, 목, 
2312, 목, 9
2313, 목, 6 9
2314, 목, 1 2 7 8 9
2315, 목, 1 2 9
2401, 목, 1 2 9
2402, 목, 7 8 9
2403, 목, 1 2 9
2404, 목, 1 3 4 9
2406, 목, 4
2407, 목, 7 8 9
2408, 목, 1 2 3 4 9
2409, 목, 1 2 5 6 7 8 9
2410, 목, 1 2 7 8 9
2411, 목, 4 9
2412, 목, 1 2 3 4 9
2413, 목, 1 2 9
2414, 목, 7 8 9
2415, 목, 1 2 3
2416, 목, 4 9
2417, 목, 1 2 7 8 9
2501, 목, 1 2 9
2502, 목, 1 2 3 4
2503, 목, 1 2 3 4 9
2504, 목, 1 2 3 9
2506, 목, 1 2 3 4 5 6 9
2507, 목, 1 2 3 7 8 9
2508, 목, 1 2 5 6 7 8 9
2509, 목, 1 2 7 8 9
2510, 목, 5 6 7 8 9
2511, 목, 1 2 3 4 5 6 7 8 9
2512, 목, 1 2 3 4 5 6 9
2513, 목, 1 2 3 4 5 6 7 8 9
2514, 목, 1 2 3 4 5 6 7 8 9
2515, 목, 1 2 5 6 7 8 9
2516, 목, 1 2 3 4 5 6 7 8 9
2517, 목, 1 2 3 4 5 6 7 8 9
3112, 목, 1 2 3 4 5 6 7 8
3114, 목, 5 6 7 8
3118, 목, 3 4 5 6 7 8 9
3310, 목, 1 2 3 4 5 6 7 8 9
3311, 목, 4 7 8
3315, 목, 1 2 3 4 5 6 9
3411, 목, 1 2 3 4 5 6 7 8
3413, 목, 1 2 3 4 5 9
3511, 목, 1 2 3 4 5 6 7 8 9
3515, 목, 1 2 3 4 5 6 7 8 9
4207, 목, 
4210, 목, 1 2 3
4212, 목, 1 2 3 4 5 6 7 8 9
4213, 목, 1 2 3 4 5 6
4214, 목, 1 2 3 7 8 9
4215, 목, 1 2 3
4216, 목, 4 5 6
4219, 목, 7 8 9
4402, 목, 1 2 3 4 5 6 7 8 9
4403, 목, 
4404, 목, 1 2 3
4405, 목, 4 5 6 7 8 9
4411, 목, 1 2 3 4 5 6 7 8 9
4415, 목, 4 5 6 7 8 9
4417, 목, 1 2 3
4418, 목, 1 2 3 4
4419, 목, 1 2 3 4 5 6 9
5101, 목, 1 3 4 5 9
5109, 목, 1 2 3 4 5 6 7 8 9
5201, 목, 4 5 7 8
5203, 목, 1 2 5 7 8 9
5206, 목, 1 2 3 4 5 6 7 8 9
5207, 목, 1 2 3 4 5 6 7 8 9
5208, 목, 1 2 3 4 7 8 9
5212, 목, 1 2 3 4 5 6 7 8 9
5213, 목, 1 2 4 6 7 8 9
5214, 목, 1 2 3 4 5 6 7 8 9
5301, 목, 3 4 5 6 7 8 9
5307, 목, 1 2 3 4 5 6 9
5308, 목, 3 4 5 6 7 8 9
5309, 목, 3 4 5 8 9
5310, 목, 1 2 3 4 5 6
5311, 목, 1 2 3 4 5 6 7 8 9
5312, 목, 1 2 3 4 5 6 9
5313, 목, 1 2 4 5 6 7 8 9
5314, 목, 1 4 5 6 7
5402, 목, 1 4 6 7 8 9
5403, 목, 1 2 3 4
5405, 목, 3 4 7 8 9
5406, 목, 1 2
6B01, 목, 1 2 7 8 9
0102, 금, 1 2 3 4 5 6 7 8 9
0104, 금, 1 2 3 4 5 6 7 8 9
0206, 금, 3 4 7 8 9
0207, 금, 1 2 3 4 7 8 9
0209, 금, 1 9
0212, 금, 1 2 3 4 5 6
0213, 금, 1 2 5 6 7 8 9
0214, 금, 1 2 3 4 5 6 7 8 9
0301, 금, 1 2 9
0302, 금, 1 2 4 9
0303, 금, 4 5 6 7 8 9
0304, 금, 1 2 3 4
0305, 금, 1 2 3 4 5 7 8 9
0306, 금, 1 2 3 4
0309, 금, 1 2 3 7 8 9
0310, 금, 1 2 3 4 5 6 7 8 9
0311, 금, 1 2 3 4 5 6 7 8 9
0401, 금, 1 2 3 4 5 6 7 8 9
0402, 금, 1 2 3 4 7 8 9
0403, 금, 1 2 3 4 5 6 7 8 9
0404, 금, 1 2 3 7 8 9
0405, 금, 1 2 3 4 5 6 7 8 9
0409, 금, 9
0410, 금, 9
0411, 금, 
0412, 금, 3 4 5 6 9
0413, 금, 
0415, 금, 1 2 3 7 8 9
0416, 금, 4 5 6 7 8 9
0501, 금, 1 2 3 4 5 6 7 8 9
0502, 금, 4 5 6 9
0503, 금, 1 2 3 4 5 6 7 8 9
0504, 금, 1 2 3 4 7 8 9
0505, 금, 3 4 5 6 7 8 9
0506, 금, 1 2 9
0508, 금, 1 9
0509, 금, 2 3 5 6 9
0511, 금, 1 2 3 8 9
0512, 금, 1 2 3 4 9
0513, 금, 1 2 3 4 7 8 9
0514, 금, 5 6 7 8 9
0515, 금, 1 2 5 6 7 8 9
0516, 금, 2 3 4 5 6 7 8 9
0517, 금, 1 2 5 6 7 8 9
0518, 금, 1 2 3 4 5 6 7 8 9
0604, 금, 1 2 3 4 5 6 7 8 9
1206, 금, 1 2 9
1301, 금, 5 6 7 8 9
1302, 금, 3 4 9
1303, 금, 1 2 4 5 6 9
1304, 금, 1 2 3 4 5 6 7 8 9
1305, 금, 1 2 3 4 5 6 7 8 9
1306, 금, 1 2 9
1307, 금, 1 2 7 8 9
1308, 금, 1 2 4 5 6 7 8 9
1309, 금, 1 2 3 4 5 6 7 8 9
1310, 금, 7 8 9
1311, 금, 9
1312, 금, 1 2 7 8 9
1313, 금, 1 2 3 4 7 8 9
1314, 금, 5 6 7 8 9
1334, 금, 1 2 3 4 5 6 7 8 9
1401, 금, 1 2 7 8 9
1402, 금, 7 8 9
1403, 금, 1 2 3 4 5 6 7 8 9
1409, 금, 4 5 6 7 8 9
1410, 금, 1 2 3 7 8 9
1411, 금, 5 6 7 8 9
1501, 금, 1 2 3 4 5 6 7 8 9
1502, 금, 1 2 7 8 9
1503, 금, 9
1504, 금, 5 6 7 8 9
1505, 금, 5 6 7 8 9
1506, 금, 1 2 3 4 7 8 9
1507, 금, 7 8 9
1509, 금, 9
1510, 금, 1 2 3 4 5 6 7 8 9
1511, 금, 1 2 3 4 5 6 7 8
1512, 금, 5 6 7 8 9
1513, 금, 7 8 9
1514, 금, 5 6 7 8 9
2201, 금, 3 4 7 8 9
2213, 금, 1 2 7 8 9
2214, 금, 
2301, 금, 1 2 3 4 7 8 9
2302, 금, 1 2 3 7 8 9
2303, 금, 9
2305, 금, 7 8 9
2306, 금, 7 8 9
2307, 금, 1 2 7 8 9
2308, 금, 1 2 3 7 8 9
2309, 금, 1 2 5 6 9
2310, 금, 1 2 3 4 7 8 9
2311, 금, 1 2 7 8 9
2312, 금, 1 2 7 8 9
2313, 금, 1 2 3 4 7 8 9
2314, 금, 4 5 6 7 8 9
2315, 금, 1 2 7 8 9
2401, 금, 1 2 3 4 5 6 7 8 9
2402, 금, 1 2 5 6 7 8 9
2403, 금, 1 2 3 4 5 6 7 8 9
2404, 금, 1 2 3 4 7 8 9
2406, 금, 4 7 8 9
2407, 금, 1 2 3 7 8 9
2408, 금, 9
2409, 금, 1 2 3 4 5 6 7 8 9
2410, 금, 1 2 3 4 5 6 7 8 9
2411, 금, 1 2 3 4 5 6 7 8 9
2412, 금, 4 8 9
2413, 금, 1 2 3 4 5 6 7 8 9
2414, 금, 7 8 9
2415, 금, 1 2 3 4 5 6 7 8 9
2416, 금, 1 2 3 4 5 6 7 8 9
2417, 금, 1 2 3 4 7 8 9
2501, 금, 1 2 3 4 5 6 7 8 9
2502, 금, 3 4 9
2503, 금, 9
2504, 금, 7 8 9
2506, 금, 1 2 7 8 9
2507, 금, 1 2 3 4 5 6 7 8 9
2508, 금, 1 2 3 4 5 6 7 8 9
2509, 금, 7 8 9
2510, 금, 1 2 3 4 5 6 7 8 9
2511, 금, 1 2 3 4 5 6 7 8 9
2512, 금, 1 2 3 4 5 6 7 8 9
2513, 금, 1 2 3 4 5 6 7 8 9
2514, 금, 1 2 3 4 5 6 7 8 9
2515, 금, 1 2 3 4 5 6 7 8 9
2516, 금, 1 2 3 4 5 6 7 8 9
2517, 금, 1 2 3 4 5 6 7 8 9
3112, 금, 1 2 3 4 5 6 7 8 9
3114, 금, 1 2 3 4 5 6 7 8 9
3118, 금, 1 2 5 6 7 8 9
3310, 금, 4 5 6 7 8 9
3311, 금, 4 9
3315, 금, 1 2 3 4 5 6 7 8 9
3411, 금, 1 2 3 4 5 6 9
3413, 금, 1 2 3 4 5 6 7 8 9
3511, 금, 1 2 3 4 9
3515, 금, 1 2 3 4 5 6
4207, 금, 1 2 3 4 5 6 7 8 9
4210, 금, 1 2 3 4 5 6 7 8 9
4212, 금, 1 2 3 4 5 6 7 8 9
4213, 금, 1 2 3 4 5 6
4214, 금, 1 2 3 4 5 6 7 8 9
4215, 금, 4 5 6 7 8 9
4216, 금, 
4219, 금, 1 2 3
4402, 금, 1 2 3 4 5 6 7 8 9
4403, 금, 1 2 3 9
4404, 금, 1 2 3 7 8 9
4405, 금, 1 2 3 4 5 6 7 8 9
4411, 금, 1 2 3 4 5 6 7 8 9
4415, 금, 1 2 3 7 8 9
4417, 금, 1 2 3 9
4418, 금, 1 2 3 4 5 6 7 8 9
4419, 금, 1 2 3 4 5 6 7 8 9
5101, 금, 1 2 5 7 8 9
5109, 금, 1 2 3 4 5 6 7 8 9
5201, 금, 1 2 4 9
5203, 금, 1 2 3 4 6 7 8 9
5206, 금, 1 2 3 6 7 8 9
5207, 금, 3 4 5 6 7 8 9
5208, 금, 1 2 3 4 5 6 7 8 9
5212, 금, 1 2 3 4
5213, 금, 4 9
5214, 금, 1 2 3 4 5 6 7 8 9
5301, 금, 1 2 3 4 5 6 7 8 9
5307, 금, 4 5 6 7 8 9
5308, 금, 3 4 5 6 7 8 9
5309, 금, 4 5 6
5310, 금, 1 2 3 5 6 7 8 9
5311, 금, 1 2 3 4 5 6 7 8 9
5312, 금, 1 2 7 8 9
5313, 금, 1 2 3 4 5 6 7 8 9
5314, 금, 1 2 3 4
5402, 금, 1 2 3 4 5 6 7 8 9
5403, 금, 7
5405, 금, 1 2 3 4 7 8 9
5406, 금, 3 4 5 6 7 8 9
6B01, 금, 1 2 3 4 5 6 7 8 9
0102, 토, 1 2 3 4 5 6 7 8 9
0104, 토, 1 2 3 4 5 6 7 8 9
0206, 토, 1 2 3 4 5 6 7 8 9
0207, 토, 1 2 3 4 5 6 7 8 9
0209, 토, 1 2 3 4 5 6 7 8 9
0212, 토, 1 2 3 4 5 6 7 8 9
0213, 토, 1 2 3 4 5 6 7 8 9
0214, 토, 1 2 3 4 5 6 7 8 9
0301, 토, 1 2 3 4 5 6 7 8 9
0302, 토, 1 2 3 4 5 6 7 8 9
0303, 토, 1 2 3 4 5 6 7 8 9
0304, 토, 1 2 3 4 5 6 7 8 9
0305, 토, 1 2 3 4 5 6 7 8 9
0306, 토, 1 2 3 4 5 6 7 8 9
0309, 토, 1 2 3 4 5 6 7 8 9
0310, 토, 1 2 3 4 5 6 7 8 9
0311, 토, 1 2 3 4 5 6 7 8 9
0401, 토, 1 2 3 4 5 6 7 8 9
0402, 토, 1 2 3 4 5 6 7 8 9
0403, 토, 1 2 3 4 5 6 7 8 9
0404, 토, 1 2 3 4 5 6 7 8 9
0405, 토, 1 2 3 4 5 6 7 8 9
0409, 토, 1 2 3 4 5 6 7 8 9
0410, 토, 1 2 3 4 5 6 7 8 9
0411, 토, 1 2 3 4 5 6 7 8 9
0412, 토, 1 2 3 4 5 6 7 8 9
0413, 토, 1 2 3 4 5 6 7 8 9
0415, 토, 1 2 3 4 5 6 7 8 9
0416, 토, 1 2 3 4 5 6 7 8 9
0501, 토, 1 2 3 4 5 6 7 8 9
0502, 토, 1 2 3 4 5 6 7 8 9
0503, 토, 1 2 3 4 5 6 7 8 9
0504, 토, 1 2 3 4 5 6 7 8 9
0505, 토, 1 2 3 4 5 6 7 8 9
0506, 토, 1 2 3 4 5 6 7 8 9
0508, 토, 1 2 3 4 5 6 7 8 9
0509, 토, 1 2 3 4 5 6 7 8 9
0511, 토, 1 2 3 4 5 6 7 8 9
0512, 토, 1 2 3 4 5 6 7 8 9
0513, 토, 1 2 3 4 5 6 7 8 9
0514, 토, 1 2 3 4 5 6 7 8 9
0515, 토, 1 2 3 4 5 6 7 8 9
0516, 토, 1 2 3 4 5 6 7 8 9
0517, 토, 1 2 3 4 5 6 7 8 9
0518, 토, 1 2 3 4 5 6 7 8 9
0604, 토, 1 2 3 4 5 6 7 8 9
1206, 토, 1 2 3 4 5 6 7 8 9
1301, 토, 1 2 3 4 5 6 7 8 9
1302, 토, 1 2 3 4 5 6 7 8 9
1303, 토, 1 2 3 4 5 6 7 8 9
1304, 토, 1 2 3 4 5 6 7 8 9
1305, 토, 1 2 3 4 5 6 7 8 9
1306, 토, 1 2 3 4 5 6 7 8 9
1307, 토, 1 2 3 4 5 6 7 8 9
1308, 토, 1 2 3 4 5 6 7 8 9
1309, 토, 1 2 3 4 5 6 7 8 9
1310, 토, 1 2 3 4 5 6 7 8 9
1311, 토, 1 2 3 4 5 6 7 8 9
1312, 토, 1 2 3 4 5 6 7 8 9
1313, 토, 1 2 3 4 5 6 7 8 9
1314, 토, 1 2 3 4 5 6 7 8 9
1334, 토, 1 2 3 4 5 6 7 8 9
1401, 토, 1 2 3 4 5 6 7 8 9
1402, 토, 1 2 3 4 5 6 7 8 9
1403, 토, 1 2 3 4 5 6 7 8 9
1409, 토, 1 2 3 4 5 6 7 8 9
1410, 토, 1 2 3 4 5 6 7 8 9
1411, 토, 1 2 3 4 5 6 7 8 9
1501, 토, 1 2 3 4 5 6 7 8 9
1502, 토, 1 2 3 4 5 6 7 8 9
1503, 토, 1 2 3 4 5 6 7 8 9
1504, 토, 1 2 3 4 5 6 7 8 9
1505, 토, 1 2 3 4 5 6 7 8 9
1506, 토, 1 2 3 4 5 6 7 8 9
1507, 토, 1 2 3 4 5 6 7 8 9
1509, 토, 1 2 3 4 5 6 7 8 9
1510, 토, 1 2 3 4 5 6 7 8 9
1511, 토, 1 2 5 6 7 8 9
1512, 토, 1 2 3 4 5 6 7 8 9
1513, 토, 1 2 3 4 5 6 7 8 9
1514, 토, 1 2 3 4 5 6 7 8 9
2201, 토, 1 2 3 4 5 6 7 8 9
2213, 토, 1 2 3 4 5 6 7 8 9
2214, 토, 1 2 3 4 5 6 7 8 9
2301, 토, 1 2 3 4 5 6 7 8 9
2302, 토, 9
2303, 토, 1 2 3 4 5 6 7 8 9
2305, 토, 1 2 3 4 5 6 7 8 9
2306, 토, 1 2 3 4 5 6 7 8 9
2307, 토, 1 2 3 4 5 6 7 8 9
2308, 토, 1 2 3 4 5 6 7 8 9
2309, 토, 1 2 3 4 5 6 7 8 9
2310, 토, 1 2 3 4 5 6 7 8 9
2311, 토, 1 2 3 4 5 6 7 8 9
2312, 토, 1 2 3 4 5 6 7 8 9
2313, 토, 1 2 3 4 5 6 7 8 9
2314, 토, 1 2 3 4 5 6 7 8 9
2315, 토, 1 2 3 4 5 6 7 8 9
2401, 토, 1 2 3 4 5 6 7 8 9
2402, 토, 1 2 3 4 5 6 7 8 9
2403, 토, 1 2 3 4 5 6 7 8 9
2404, 토, 1 2 3 4 5 6 7 8 9
2406, 토, 1 2 3 4 5 6 7 8 9
2407, 토, 1 2 3 4 5 6 7 8 9
2408, 토, 1 2 3 4 5 6 7 8 9
2409, 토, 1 2 3 4 5 6 7 8 9
2410, 토, 1 2 3 4 5 6 7 8 9
2411, 토, 1 2 3 4 5 6 7 8 9
2412, 토, 1 2 3 4 5 6 7 8 9
2413, 토, 1 2 3 4 5 6 7 8 9
2414, 토, 1 2 3 4 5 6 7 8 9
2415, 토, 1 2 3 4 5 6 7 8 9
2416, 토, 1 2 3 4 5 6 7 8 9
2417, 토, 1 2 3 4 5 6 7 8 9
2501, 토, 1 2 3 4 5 6 7 8 9
2502, 토, 1 2 3 4 5 6 7 8 9
2503, 토, 1 2 3 4 5 6 7 8 9
2504, 토, 1 2 3 4 5 6 7 8 9
2506, 토, 1 2 3 4 5 6 7 8 9
2507, 토, 1 2 3 4 5 6 7 8 9
2508, 토, 1 2 3 4 5 6 7 8 9
2509, 토, 1 2 3 4 5 6 7 8 9
2510, 토, 1 2 3 4 5 6 7 8 9
2511, 토, 1 2 3 4 5 6 7 8 9
2512, 토, 1 2 3 4 5 6 7 8 9
2513, 토, 1 2 3 4 5 6 7 8 9
2514, 토, 1 2 3 4 5 6 7 8 9
2515, 토, 1 2 3 4 5 6 7 8 9
2516, 토, 1 2 3 4 5 6 7 8 9
2517, 토, 1 2 3 4 5 6 7 8 9
3112, 토, 1 2 3 4 5 6 7 8 9
3114, 토, 1 2 3 4 5 6 7 8 9
3118, 토, 1 2 3 4 5 6 7 8 9
3310, 토, 1 2 3 4 5 6 7 8 9
3311, 토, 1 2 3 4 5 6 7 8 9
3315, 토, 1 2 3 4 5 6 7 8 9
3411, 토, 1 2 3 4 5 6 7 8 9
3413, 토, 1 2 3 4 5 6 7 8 9
3511, 토, 1 2 3 4 5 6 7 8 9
3515, 토, 1 2 3 4 5 6 7 8 9
4207, 토, 1 2 3 4 5 6 7 8 9
4210, 토, 1 2 3 4 5 6 7 8 9
4212, 토, 1 2 3 4 5 6 7 8 9
4213, 토, 1 2 3 4 5 6 7 8 9
4214, 토, 1 2 3 4 5 6 7 8 9
4215, 토, 1 2 3 4 5 6 7 8 9
4216, 토, 1 2 3 4 5 6 7 8 9
4219, 토, 1 2 3 4 5 6 7 8 9
4402, 토, 1 2 3 4 5 6 7 8 9
4403, 토, 1 2 3 4 5 6 7 8 9
4404, 토, 1 2 3 4 5 6 7 8 9
4405, 토, 1 2 3 4 5 6 7 8 9
4411, 토, 1 2 3 4 5 6 7 8 9
4415, 토, 1 2 3 4 5 6 7 8 9
4417, 토, 1 2 3 4 5 6 7 8 9
4418, 토, 1 2 3 4 5 6 7 8 9
4419, 토, 1 2 3 4 5 6 7 8 9
5101, 토, 1 2 3 4 5 6 7 8 9
5109, 토, 1 2 3 4 5 6 7 8 9
5201, 토, 1 2 3 4 5 6 7 8 9
5203, 토, 1 2 3 4 5 6 7 8 9
5206, 토, 1 2 3 4 5 6 7 8 9
5207, 토, 1 2 3 4 5 6 7 8 9
5208, 토, 1 2 3 4 5 6 7 8 9
5212, 토, 1 2 3 4 5 6 7 8 9
5213, 토, 1 2 3 4 5 6 7 8 9
5214, 토, 1 2 3 4 5 6 7 8 9
5301, 토, 1 2 3 4 5 6 7 8 9
5307, 토, 1 2 3 4 5 6 7 8 9
5308, 토, 1 2 3 4 5 6 7 8 9
5309, 토, 1 2 3 4 5 6 7 8 9
5310, 토, 1 2 3 4 5 6 7 8 9
5311, 토, 1 2 3 4 5 6 7 8 9
5312, 토, 1 2 3 4 5 6 7 8 9
5313, 토, 1 2 3 4 5 6 7 8 9
5314, 토, 1 2 3 4 5 6 7 8 9
5402, 토, 1 2 3 4 5 6 7 8 9
5403, 토, 1 2 3 4 5 6 7 8 9
5405, 토, 1 2 3 4 5 6 7 8 9
5406, 토, 1 2 3 4 5 6 7 8 9
6B01, 토, 1 2 3 4 5 6 7 8 9
0102, 일, 1 2 3 4 5 6 7 8 9
0104, 일, 1 2 3 4 5 6 7 8 9
0206, 일, 1 2 3 4 5 6 7 8 9
0207, 일, 1 2 3 4 5 6 7 8 9
0209, 일, 1 2 3 4 5 6 7 8 9
0212, 일, 1 2 3 4 5 6 7 8 9
0213, 일, 1 2 3 4 5 6 7 8 9
0214, 일, 1 2 3 4 5 6 7 8 9
0301, 일, 1 2 3 4 5 6 7 8 9
0302, 일, 1 2 3 4 5 6 7 8 9
0303, 일, 1 2 3 4 5 6 7 8 9
0304, 일, 1 2 3 4 5 6 7 8 9
0305, 일, 1 2 3 4 5 6 7 8 9
0306, 일, 1 2 3 4 5 6 7 8 9
0309, 일, 1 2 3 4 5 6 7 8 9
0310, 일, 1 2 3 4 5 6 7 8 9
0311, 일, 1 2 3 4 5 6 7 8 9
0401, 일, 1 2 3 4 5 6 7 8 9
0402, 일, 1 2 3 4 5 6 7 8 9
0403, 일, 1 2 3 4 5 6 7 8 9
0404, 일, 1 2 3 4 5 6 7 8 9
0405, 일, 1 2 3 4 5 6 7 8 9
0409, 일, 1 2 3 4 5 6 7 8 9
0410, 일, 1 2 3 4 5 6 7 8 9
0411, 일, 1 2 3 4 5 6 7 8 9
0412, 일, 1 2 3 4 5 6 7 8 9
0413, 일, 1 2 3 4 5 6 7 8 9
0415, 일, 1 2 3 4 5 6 7 8 9
0416, 일, 1 2 3 4 5 6 7 8 9
0501, 일, 1 2 3 4 5 6 7 8 9
0502, 일, 1 2 3 4 5 6 7 8 9
0503, 일, 1 2 3 4 5 6 7 8 9
0504, 일, 1 2 3 4 5 6 7 8 9
0505, 일, 1 2 3 4 5 6 7 8 9
0506, 일, 1 2 3 4 5 6 7 8 9
0508, 일, 1 2 3 4 5 6 7 8 9
0509, 일, 1 2 3 4 5 6 7 8 9
0511, 일, 1 2 3 4 5 6 7 8 9
0512, 일, 1 2 3 4 5 6 7 8 9
0513, 일, 1 2 3 4 5 6 7 8 9
0514, 일, 1 2 3 4 5 6 7 8 9
0515, 일, 1 2 3 4 5 6 7 8 9
0516, 일, 1 2 3 4 5 6 7 8 9
0517, 일, 1 2 3 4 5 6 7 8 9
0518, 일, 1 2 3 4 5 6 7 8 9
0604, 일, 1 2 3 4 5 6 7 8 9
1206, 일, 1 2 3 4 5 6 7 8 9
1301, 일, 1 2 3 4 5 6 7 8 9
1302, 일, 1 2 3 4 5 6 7 8 9
1303, 일, 1 2 3 4 5 6 7 8 9
1304, 일, 1 2 3 4 5 6 7 8 9
1305, 일, 1 2 3 4 5 6 7 8 9
1306, 일, 1 2 3 4 5 6 7 8 9
1307, 일, 1 2 3 4 5 6 7 8 9
1308, 일, 1 2 3 4 5 6 7 8 9
1309, 일, 1 2 3 4 5 6 7 8 9
1310, 일, 1 2 3 4 5 6 7 8 9
1311, 일, 1 2 3 4 5 6 7 8 9
1312, 일, 1 2 3 4 5 6 7 8 9
1313, 일, 1 2 3 4 5 6 7 8 9
1314, 일, 1 2 3 4 5 6 7 8 9
1334, 일, 1 2 3 4 5 6 7 8 9
1401, 일, 1 2 3 4 5 6 7 8 9
1402, 일, 1 2 3 4 5 6 7 8 9
1403, 일, 1 2 3 4 5 6 7 8 9
1409, 일, 1 2 3 4 5 6 7 8 9
1410, 일, 1 2 3 4 5 6 7 8 9
1411, 일, 1 2 3 4 5 6 7 8 9
1501, 일, 1 2 3 4 5 6 7 8 9
1502, 일, 1 2 3 4 5 6 7 8 9
1503, 일, 1 2 3 4 5 6 7 8 9
1504, 일, 1 2 3 4 5 6 7 8 9
1505, 일, 1 2 3 4 5 6 7 8 9
1506, 일, 1 2 3 4 5 6 7 8 9
1507, 일, 1 2 3 4 5 6 7 8 9
1509, 일, 1 2 3 4 5 6 7 8 9
1510, 일, 1 2 3 4 5 6 7 8 9
1511, 일, 1 2 3 4 5 6 7 8 9
1512, 일, 1 2 3 4 5 6 7 8 9
1513, 일, 1 2 3 4 5 6 7 8 9
1514, 일, 1 2 3 4 5 6 7 8 9
2201, 일, 1 2 3 4 5 6 7 8 9
2213, 일, 1 2 3 4 5 6 7 8 9
2214, 일, 1 2 3 4 5 6 7 8 9
2301, 일, 1 2 3 4 5 6 7 8 9
2302, 일, 1 2 3 4 5 6 7 8 9
2303, 일, 1 2 3 4 5 6 7 8 9
2305, 일, 1 2 3 4 5 6 7 8 9
2306, 일, 1 2 3 4 5 6 7 8 9
2307, 일, 1 2 3 4 5 6 7 8 9
2308, 일, 1 2 3 4 5 6 7 8 9
2309, 일, 1 2 3 4 5 6 7 8 9
2310, 일, 1 2 3 4 5 6 7 8 9
2311, 일, 1 2 3 4 5 6 7 8 9
2312, 일, 1 2 3 4 5 6 7 8 9
2313, 일, 1 2 3 4 5 6 7 8 9
2314, 일, 1 2 3 4 5 6 7 8 9
2315, 일, 1 2 3 4 5 6 7 8 9
2401, 일, 1 2 3 4 5 6 7 8 9
2402, 일, 1 2 3 4 5 6 7 8 9
2403, 일, 1 2 3 4 5 6 7 8 9
2404, 일, 1 2 3 4 5 6 7 8 9
2406, 일, 1 2 3 4 5 6 7 8 9
2407, 일, 1 2 3 4 5 6 7 8 9
2408, 일, 1 2 3 4 5 6 7 8 9
2409, 일, 1 2 3 4 5 6 7 8 9
2410, 일, 1 2 3 4 5 6 7 8 9
2411, 일, 1 2 3 4 5 6 7 8 9
2412, 일, 1 2 3 4 5 6 7 8 9
2413, 일, 1 2 3 4 5 6 7 8 9
2414, 일, 1 2 3 4 5 6 7 8 9
2415, 일, 1 2 3 4 5 6 7 8 9
2416, 일, 1 2 3 4 5 6 7 8 9
2417, 일, 1 2 3 4 5 6 7 8 9
2501, 일, 1 2 3 4 5 6 7 8 9
2502, 일, 1 2 3 4 5 6 7 8 9
2503, 일, 1 2 3 4 5 6 7 8 9
2504, 일, 1 2 3 4 5 6 7 8 9
2506, 일, 1 2 3 4 5 6 7 8 9
2507, 일, 1 2 3 4 5 6 7 8 9
2508, 일, 1 2 3 4 5 6 7 8 9
2509, 일, 1 2 3 4 5 6 7 8 9
2510, 일, 1 2 3 4 5 6 7 8 9
2511, 일, 1 2 3 4 5 6 7 8 9
2512, 일, 1 2 3 4 5 6 7 8 9
2513, 일, 1 2 3 4 5 6 7 8 9
2514, 일, 1 2 3 4 5 6 7 8 9
2515, 일, 1 2 3 4 5 6 7 8 9
2516, 일, 1 2 3 4 5 6 7 8 9
2517, 일, 1 2 3 4 5 6 7 8 9
3112, 일, 1 2 3 4 5 6 7 8 9
3114, 일, 1 2 3 4 5 6 7 8 9
3118, 일, 1 2 3 4 5 6 7 8 9
3310, 일, 1 2 3 4 5 6 7 8 9
3311, 일, 1 2 3 4 5 6 7 8 9
3315, 일, 1 2 3 4 5 6 7 8 9
3411, 일, 1 2 3 4 5 6 7 8 9
3413, 일, 1 2 3 4 5 6 7 8 9
3511, 일, 1 2 3 4 5 6 7 8 9
3515, 일, 1 2 3 4 5 6 7 8 9
4207, 일, 1 2 3 4 5 6 7 8 9
4210, 일, 1 2 3 4 5 6 7 8 9
4212, 일, 1 2 3 4 5 6 7 8 9
4213, 일, 1 2 3 4 5 6 7 8 9
4214, 일, 1 2 3 4 5 6 7 8 9
4215, 일, 1 2 3 4 5 6 7 8 9
4216, 일, 1 2 3 4 5 6 7 8 9
4219, 일, 1 2 3 4 5 6 7 8 9
4402, 일, 1 2 3 4 5 6 7 8 9
4403, 일, 1 2 3 4 5 6 7 8 9
4404, 일, 1 2 3 4 5 6 7 8 9
4405, 일, 1 2 3 4 5 6 7 8 9
4411, 일, 1 2 3 4 5 6 7 8 9
4415, 일, 1 2 3 4 5 6 7 8 9
4417, 일, 1 2 3 4 5 6 7 8 9
4418, 일, 1 2 3 4 5 6 7 8 9
4419, 일, 1 2 3 4 5 6 7 8 9
5101, 일, 1 2 3 4 5 6 7 8 9
5109, 일, 1 2 3 4 5 6 7 8 9
5201, 일, 1 2 3 4 5 6 7 8 9
5203, 일, 1 2 3 4 5 6 7 8 9
5206, 일, 1 2 3 4 5 6 7 8 9
5207, 일, 1 2 3 4 5 6 7 8 9
5208, 일, 1 2 3 4 5 6 7 8 9
5212, 일, 1 2 3 4 5 6 7 8 9
5213, 일, 1 2 3 4 5 6 7 8 9
5214, 일, 1 2 3 4 5 6 7 8 9
5301, 일, 1 2 3 4 5 6 7 8 9
5307, 일, 1 2 3 4 5 6 7 8 9
5308, 일, 1 2 3 4 5 6 7 8 9
5309, 일, 1 2 3 4 5 6 7 8 9
5310, 일, 1 2 3 4 5 6 7 8 9
5311, 일, 1 2 3 4 5 6 7 8 9
5312, 일, 1 2 3 4 5 6 7 8 9
5313, 일, 1 2 3 4 5 6 7 8 9
5314, 일, 1 2 3 4 5 6 7 8 9
5402, 일, 1 2 3 4 5 6 7 8 9
5403, 일, 1 2 3 4 5 6 7 8 9
5405, 일, 1 2 3 4 5 6 7 8 9
5406, 일, 1 2 3 4 5 6 7 8 9
6B01, 일, 1 2 3 4 5 6 7 8 9