0115, 월, 9
0116, 월, 1 2 3 4 7 8 9
0117, 월, 1 2 3 4 5 6 7 8 9
01202, 월, 4 9
0211, 월, 1 2 3 7 8 9
0225, 월, 1 2 3 4 5 6 7 8 9
0328, 월, 1 2 3 4 9
0329, 월, 1 2 3 4 5 6 9
0330, 월, 1 2 3 4 9
0338, 월, 1 2 9
1202, 월, 1 2 3 4 9
1203, 월, 1 2 3 4 5 6
1204, 월, 
1205, 월, 1 2 7 8 9
1206, 월, 1 2 3 4 5 6
1207, 월, 1 2 3 4 7 8 9
1208, 월, 1 2 3 4 5 6
1210, 월, 1 2
1211, 월, 
1301, 월, 1 2 9
1302, 월, 1 2 9
1303, 월, 
1304, 월, 1 2 3 4 5 6 7 8 9
1305, 월, 1 2 3
1306, 월, 9
1307, 월, 1 2 3
1308, 월, 
1310, 월, 
1401, 월, 9
1402, 월, 1 2 5 6 9
1403, 월, 1 2 3
1404, 월, 1
1405, 월, 
1406, 월, 9
1407, 월, 1 2 7 8 9
1408, 월, 
1409, 월, 1 2 9
1501, 월, 9
1502, 월, 1 2
1503, 월, 4 5 6
1504, 월, 1 2 3 4 5 6 7 8 9
1505, 월, 
1506, 월, 3 9
1507, 월, 1 2 4 5 6 7 8 9
1508, 월, 9
1509, 월, 9
1601, 월, 1 2
1602, 월, 1 2 5 6 7 8 9
1603, 월, 9
1604, 월, 1 2 5 6 7 8 9
1605, 월, 1 2 3 4
1606, 월, 1 2 7 8 9
1607, 월, 1 2 5 6 9
1608, 월, 
1609, 월, 9
2000, 월, 1 2 3 4 5 6 7 8 9
2105, 월, 7 8 9
2201, 월, 
2202, 월, 1 2 3
2203, 월, 1 2 5 6
2204, 월, 5 6
2205, 월, 3
2207, 월, 1 2 3
2208, 월, 1 2 9
2209, 월, 1 2
2210, 월, 1 2 7 8 9
2401, 월, 9
2402, 월, 9
2403, 월, 
2404, 월, 
2405, 월, 5 6
2407, 월, 1 2 5 6 7 8 9
2408, 월, 5 6
2409, 월, 
2502, 월, 
2505, 월, 1 2 3 4 5 6 7 8 9
2506, 월, 
2507, 월, 1 2 5 6 7 8 9
2508, 월, 1 2 3 7 8 9
2509, 월, 
2601, 월, 9
2602, 월, 1 2 3 4
2604, 월, 1 2 3 4 5 6 7 8 9
2605, 월, 1 2 5 6 9
2608, 월, 1 2 3 4 5 6 7 8 9
3106, 월, 9
3201, 월, 1 2 3 4
3202, 월, 4
3203, 월, 1 2 5 6
3204, 월, 1 2 3 4 5 6 7 8 9
3205, 월, 1 2 3
3206, 월, 3 4
3207, 월, 4 5 6 7 8 9
3301, 월, 
3302, 월, 1 2
3303, 월, 1 2 3 7 8 9
3304, 월, 1 2 7 8 9
3305, 월, 1 2 9
3306, 월, 
3307, 월, 1 2 3
3308, 월, 1 2 3
3401, 월, 7 8 9
3402, 월, 
3403, 월, 9
3404, 월, 
3405, 월, 
3406, 월, 4
3407, 월, 1 2 3
3408, 월, 1 2 3
3409, 월, 7 8 9
3501, 월, 3
3502, 월, 1 2 7 8
3503, 월, 1 2 5 6 9
3504, 월, 
3505, 월, 1 2 3 4
3506, 월, 
3507, 월, 1 2 3 4 5 6 7 8 9
3508, 월, 1 2 3 7 8 9
3509, 월, 
5001, 월, 1 2 3 4 5 6
5003, 월, 1 2 3 4 5 6
5101, 월, 7 8 9
5601, 월, 1 2 3 4 5 6 7 8 9
5701, 월, 1 2 3 7 8 9
5801, 월, 1 2 3 4 5 6 7 8 9
6105, 월, 
6226, 월, 4 5 6
6411, 월, 1 2 3 4 5 6 9
6502, 월, 7 8 9
6503, 월, 1 2 3 4 7 8 9
6504, 월, 3 4 7 8 9
7208, 월, 1 2 3 4 5 6 7 8 9
C301, 월, 
C302, 월, 1 2
C303, 월, 1 2 3 4 5 6
C304, 월, 4 5 6
C305, 월, 1 2 3 4 9
C306, 월, 1 2 9
C307, 월, 
C308, 월, 9
C309, 월, 7 8 9
C310, 월, 7 8 9
C311, 월, 1 2 3 4 5 6
C401, 월, 
C402, 월, 1 2 3 4 5 6 7 8 9
C405, 월, 9
C406, 월, 3 4 5 6 7 8 9
C407, 월, 5 6 7 8 9
C408, 월, 1 2 3 4 5 6
C409, 월, 1 2 3 4 5 6
C412, 월, 
C413, 월, 1 2 3 4 5 6
C501, 월, 1 2 3 4 5 6 7 8 9
C514, 월, 4 5 6
C515, 월, 
0115, 화, 9
0116, 화, 1 2 3 4 5 6 7 8 9
0117, 화, 1 2 3 4 5 6 7 8 9
01202, 화, 1 2 5 6 9
0211, 화, 1 2
0225, 화, 7 8 9
0328, 화, 9
0329, 화, 1 2 3 4 7 8 9
0330, 화, 1 2 3 4 9
0338, 화, 1 2 7 8 9
1202, 화, 9
1203, 화, 1 2 3 4 5 6 7 8 9
1204, 화, 
1205, 화, 1 2 3 4 5 6 7 8 9
1206, 화, 1 2 3 4 5 6 7 8 9
1207, 화, 1 2 3 4 5 6 7 8 9
1208, 화, 1 2 3 4 7 8
1210, 화, 1 2 3
1211, 화, 9
1301, 화, 9
1302, 화, 9
1303, 화, 1 2
1304, 화, 
1305, 화, 9
1306, 화, 
1307, 화, 3 4
1308, 화, 
1310, 화, 4 5 6
1401, 화, 
1402, 화, 7 8 9
1403, 화, 
1404, 화, 
1405, 화, 
1406, 화, 1 2
1407, 화, 1 2
1408, 화, 
1409, 화, 9
1501, 화, 5 6 9
1502, 화, 
1503, 화, 1 2 3 4 5 6 7 8 9
1504, 화, 3
1505, 화, 7 8
1506, 화, 9
1507, 화, 3
1508, 화, 
1509, 화, 9
1601, 화, 5 6 9
1602, 화, 1 2 5 6
1603, 화, 3
1604, 화, 
1605, 화, 5
1606, 화, 
1607, 화, 1 2
1608, 화, 
1609, 화, 5 6
2000, 화, 1 2 3 4 5 6 7 8 9
2105, 화, 9
2201, 화, 
2202, 화, 
2203, 화, 1 2 3 9
2204, 화, 
2205, 화, 
2207, 화, 
2208, 화, 
2209, 화, 9
2210, 화, 
2401, 화, 5 6
2402, 화, 5 6 9
2403, 화, 7 8 9
2404, 화, 5 6
2405, 화, 
2407, 화, 
2408, 화, 5 6 7 8 9
2409, 화, 9
2502, 화, 
2505, 화, 1 2 3 4 5 6 7 8 9
2506, 화, 9
2507, 화, 7 8 9
2508, 화, 4 5 6 7 8 9
2509, 화, 
2601, 화, 9
2602, 화, 1 2 3 4 5 6
2604, 화, 
2605, 화, 1 2 3 4 5 6 7 8 9
2608, 화, 1 2 3 4 5 6 7 8 9
3106, 화, 3
3201, 화, 1 2 3 4 5 6
3202, 화, 1 2
3203, 화, 1 2 3 4 5 6 9
3204, 화, 7 8 9
3205, 화, 1 2 3 7 8 9
3206, 화, 1 2 3 7 8 9
3207, 화, 1 2 3
3301, 화, 
3302, 화, 1 2 7 8 9
3303, 화, 
3304, 화, 1 2 3 4 9
3305, 화, 7 8
3306, 화, 4 5 6
3307, 화, 
3308, 화, 
3401, 화, 1 2 3
3402, 화, 1 2 3 4 9
3403, 화, 
3404, 화, 1 2 3
3405, 화, 
3406, 화, 4 5 6
3407, 화, 
3408, 화, 
3409, 화, 1 2 3
3501, 화, 1 2 5 6
3502, 화, 7 8 9
3503, 화, 4 5 6
3504, 화, 
3505, 화, 1 2 3 4
3506, 화, 4 5 6
3507, 화, 
3508, 화, 4 5 6 7 8 9
3509, 화, 
5001, 화, 
5003, 화, 1 2 3 4 5 6 7 8 9
5101, 화, 1 2 3 4 5 6 7 8 9
5601, 화, 1 2 5 6 9
5701, 화, 1 2 3 4 5 6 9
5801, 화, 1 2 5 6 9
6105, 화, 4 9
6226, 화, 1 2
6411, 화, 1 2 3 4 5 6 7 8 9
6502, 화, 1 2 3 7 8 9
6503, 화, 1 2 7 8 9
6504, 화, 1 2 3 4 5 6 7 8 9
7208, 화, 3 4 5 6 7 8 9
C301, 화, 
C302, 화, 1 2 3
C303, 화, 1 2 3 7 8 9
C304, 화, 4
C305, 화, 
C306, 화, 9
C307, 화, 1 2 3 9
C308, 화, 
C309, 화, 5 6
C310, 화, 1 2
C311, 화, 1 2 3
C401, 화, 
C402, 화, 1 2 3 4 5 6 7 8 9
C405, 화, 9
C406, 화, 1 2
C407, 화, 1 2 5 6
C408, 화, 1 2 3
C409, 화, 1 2 3 4 5 6 7 8 9
C412, 화, 
C413, 화, 
C501, 화, 1 2 3 7 8 9
C514, 화, 
C515, 화, 
0115, 수, 1 2 3 4
0116, 수, 1 2 3 4 5 6 7 8 9
0117, 수, 1 2 3 4 5 6
01202, 수, 1 2 3 4 5 6
0211, 수, 9
0225, 수, 3
0328, 수, 1 2 3 7 8 9
0329, 수, 1 2 3 4 5 6 9
0330, 수, 5 6 7 8 9
0338, 수, 4 5 6 7 8 9
1202, 수, 9
1203, 수, 5 6 7 8 9
1204, 수, 
1205, 수, 1 2 3
1206, 수, 3 4 5 6 7 8 9
1207, 수, 1 2 3 4 9
1208, 수, 1 2 3 4 5 6
1210, 수, 
1211, 수, 1 2 3
1301, 수, 5 6 9
1302, 수, 5 6 7 8 9
1303, 수, 
1304, 수, 9
1305, 수, 1 2 3 9
1306, 수, 1 2 3
1307, 수, 5 6
1308, 수, 1 2 3
1310, 수, 
1401, 수, 9
1402, 수, 5 6 7 8 9
1403, 수, 
1404, 수, 
1405, 수, 9
1406, 수, 
1407, 수, 1 2
1408, 수, 
1409, 수, 
1501, 수, 
1502, 수, 7 8
1503, 수, 4 5 6
1504, 수, 1 2 7 8 9
1505, 수, 
1506, 수, 9
1507, 수, 1 2 5 6 9
1508, 수, 9
1509, 수, 7 8 9
1601, 수, 5 6
1602, 수, 7 8
1603, 수, 1 2 3 4 9
1604, 수, 4 5 6 9
1605, 수, 
1606, 수, 9
1607, 수, 
1608, 수, 7 8
1609, 수, 9
2000, 수, 3 4 5 6 7 8 9
2105, 수, 
2201, 수, 9
2202, 수, 
2203, 수, 1 2 3 9
2204, 수, 9
2205, 수, 1 2 7 8
2207, 수, 1 2 9
2208, 수, 
2209, 수, 
2210, 수, 1 2 3 4
2401, 수, 1 2 9
2402, 수, 9
2403, 수, 1 2 3
2404, 수, 1 2 3 4 9
2405, 수, 1 2
2407, 수, 5 6
2408, 수, 1 2 3 4 5 6 7 8 9
2409, 수, 1 2 3 4 9
2502, 수, 
2505, 수, 1 2 3 4 5 6 7 8 9
2506, 수, 
2507, 수, 
2508, 수, 1 2 3 4 5 6
2509, 수, 1 2 3
2601, 수, 1 2 3 4 5 6 7 8 9
2602, 수, 1 2 3 4 7 8
2604, 수, 
2605, 수, 3 9
2608, 수, 1 2 3 4 9
3106, 수, 
3201, 수, 1 2 3 4 5 6
3202, 수, 3 4 9
3203, 수, 5 6 7 8 9
3204, 수, 1 2
3205, 수, 
3206, 수, 
3207, 수, 1 2 3 4 5 6 7 8 9
3301, 수, 4 9
3302, 수, 1 2 3
3303, 수, 1 2 3
3304, 수, 9
3305, 수, 9
3306, 수, 
3307, 수, 1 2 3 4 5 6
3308, 수, 
3401, 수, 7 8 9
3402, 수, 
3403, 수, 
3404, 수, 9
3405, 수, 9
3406, 수, 
3407, 수, 1 2 3 4 5 6
3408, 수, 1 2 3
3409, 수, 4 5 6
3501, 수, 1 2 5 6 7 8 9
3502, 수, 
3503, 수, 4
3504, 수, 1 2 3
3505, 수, 1 2 3 4
3506, 수, 
3507, 수, 7 8 9
3508, 수, 1 2 3 4 5 6 7 8 9
3509, 수, 1 2 3 9
5001, 수, 1 2
5003, 수, 1 2 3 4 5 6 7 8 9
5101, 수, 1 2 3 4 5 6 7 8 9
5601, 수, 4 5 6 7 8 9
5701, 수, 1 2 3 7 8 9
5801, 수, 1 2 3 4 5 6 7 8 9
6105, 수, 1 2 3 4 5 6 9
6226, 수, 4 7 8 9
6411, 수, 1 2 3 4 5 6 7 8 9
6502, 수, 1 2 5 6 7 8 9
6503, 수, 3 7 8 9
6504, 수, 1 2 3 4 7 8 9
7208, 수, 3 4 7 8 9
C301, 수, 
C302, 수, 5 6 9
C303, 수, 3 4 5 6
C304, 수, 3 9
C305, 수, 1 2 9
C306, 수, 7 8 9
C307, 수, 1 2 3 4 5 6 7 8 9
C308, 수, 1 2 9
C309, 수, 1 2 5 6
C310, 수, 1 2 3 7 8 9
C311, 수, 1 2 3
C401, 수, 
C402, 수, 1 2 3 4 5 6
C405, 수, 7 8 9
C406, 수, 3 4
C407, 수, 1 2 5 6 7 8 9
C408, 수, 1 2 3 4 5 6
C409, 수, 1 2 3 4 5 6
C412, 수, 4 5 6
C413, 수, 1 2 3
C501, 수, 1 2 3 4 5 6 7 8 9
C514, 수, 4 5 6
C515, 수, 1 2 3 7 8 9
0115, 목, 
0116, 목, 1 2 3 4 5 6 7 8 9
0117, 목, 7 8 9
01202, 목, 9
0211, 목, 3 4 9
0225, 목, 3 4 5 6
0328, 목, 1 2 3 4 9
0329, 목, 1 2 3 4 5 6 7 8 9
0330, 목, 1 2 6 9
0338, 목, 9
1202, 목, 9
1203, 목, 1 2 3 4
1204, 목, 5 6
1205, 목, 1 2 3
1206, 목, 1 2 3 4 5 6 7 8 9
1207, 목, 1 2 3 4 7 8 9
1208, 목, 1 2 3 4 5 6 7 8 9
1210, 목, 1 2 7 8 9
1211, 목, 1 2
1301, 목, 5 6
1302, 목, 1 2 3 4 9
1303, 목, 
1304, 목, 1 2
1305, 목, 
1306, 목, 1 2 5 6
1307, 목, 
1308, 목, 1 2 3
1310, 목, 1 2
1401, 목, 9
1402, 목, 7 8 9
1403, 목, 4 5 6 7 8 9
1404, 목, 
1405, 목, 1 2
1406, 목, 
1407, 목, 
1408, 목, 5 6
1409, 목, 1 2 9
1501, 목, 
1502, 목, 1 2
1503, 목, 
1504, 목, 1 2 5 6 9
1505, 목, 1 2
1506, 목, 2 3
1507, 목, 1 2 3
1508, 목, 3 4 5 6
1509, 목, 
1601, 목, 
1602, 목, 1 2 3 4 7 8 9
1603, 목, 1 2 5 6 7 8 9
1604, 목, 1 2 3 4 5 6 7 8 9
1605, 목, 1 2 9
1606, 목, 9
1607, 목, 1 2
1608, 목, 8 9
1609, 목, 9
2000, 목, 1 2 3 4 5 6 7 8 9
2105, 목, 9
2201, 목, 
2202, 목, 
2203, 목, 
2204, 목, 1 2 9
2205, 목, 7 8 9
2207, 목, 1 2
2208, 목, 9
2209, 목, 7 8 9
2210, 목, 4
2401, 목, 
2402, 목, 5 6
2403, 목, 
2404, 목, 1 2 9
2405, 목, 9
2407, 목, 1 2 5 6 9
2408, 목, 1 2 7 8 9
2409, 목, 
2502, 목, 3 4 5 9
2505, 목, 1 2 3 4 5 6 7 8 9
2506, 목, 
2507, 목, 9
2508, 목, 1 2 3 4 7 8 9
2509, 목, 
2601, 목, 1 2 5 6 9
2602, 목, 1 2 3 4 9
2604, 목, 9
2605, 목, 1 2
2608, 목, 1 2 3 4 5 6 9
3106, 목, 1 2 3 4 5 6 7 8 9
3201, 목, 5 6
3202, 목, 4
3203, 목, 1 2 5 6 7 8 9
3204, 목, 7 8 9
3205, 목, 3 4
3206, 목, 
3207, 목, 
3301, 목, 4 5 6
3302, 목, 
3303, 목, 1 2 3
3304, 목, 1 2 3 4 7 8 9
3305, 목, 5 6
3306, 목, 
3307, 목, 
3308, 목, 
3401, 목, 1 2 3 4 5 6
3402, 목, 1 2 7 8 9
3403, 목, 
3404, 목, 1 2
3405, 목, 9
3406, 목, 
3407, 목, 1 2 3 7 8 9
3408, 목, 4 5 6
3409, 목, 
3501, 목, 4 5 6 9
3502, 목, 1 2 5 6
3503, 목, 1 2 3 4 5 6
3504, 목, 7 8
3505, 목, 1 2 3 4 5 6
3506, 목, 1 2 3 7 8 9
3507, 목, 1 2 3
3508, 목, 4 5 6
3509, 목, 9
5001, 목, 
5003, 목, 1 2 3 4 5 6 7 8 9
5101, 목, 4 5 6 7 8 9
5601, 목, 1 2 3 4 5 6
5701, 목, 1 2 3 4 5 6 7 8 9
5801, 목, 1 2 3 4 5 6 7 8 9
6105, 목, 1 2 3 4 9
6226, 목, 1 2 3
6411, 목, 1 2 3 4 5 6 7 8 9
6502, 목, 1 2 3 4 5 6 7 8 9
6503, 목, 4 5 6 7 8 9
6504, 목, 7 8 9
7208, 목, 3 4 5 6 9
C301, 목, 1 2 3
C302, 목, 1 2 3 4 5 6
C303, 목, 1 2 3 4 7 8 9
C304, 목, 7 8 9
C305, 목, 1 2 3 4 5 6 7 8 9
C306, 목, 1 2 5 6
C307, 목, 1 2 7 8 9
C308, 목, 9
C309, 목, 1 2 7 8 9
C310, 목, 1 2
C311, 목, 1 2 3
C401, 목, 
C402, 목, 1 2 3 4 5 6 7 8 9
C405, 목, 9
C406, 목, 1 2 3
C407, 목, 3 4 5 6
C408, 목, 1 2 3 7 8 9
C409, 목, 1 2 3 4 5 6 7 8 9
C412, 목, 1 2 3
C413, 목, 1 2 3
C501, 목, 1 2 3 4 5 6
C514, 목, 
C515, 목, 1 2 3
0115, 금, 9
0116, 금, 1 2 5 6 7 8 9
0117, 금, 1 2 3 4 7 8 9
01202, 금, 7 8 9
0211, 금, 1 2 5 6 7 8 9
0225, 금, 1 2 3 4 5 6 7 8 9
0328, 금, 1 2 3 9
0329, 금, 1 2 5 6 9
0330, 금, 7 8 9
0338, 금, 7 8 9
1202, 금, 1 2 3 4 7 8 9
1203, 금, 1 2 3 4 5 6 7 8 9
1204, 금, 1 2 9
1205, 금, 1 2 3 4 5 6 7 8 9
1206, 금, 1 2 5 6 7 8 9
1207, 금, 1 2 3 4 5 6
1208, 금, 1 2 3 4 9
1210, 금, 
1211, 금, 1 2 5 6 7 8 9
1301, 금, 1 2 3 4 5 6 7 8 9
1302, 금, 1 2 7 8 9
1303, 금, 1 2 3
1304, 금, 1 2 3
1305, 금, 3 4
1306, 금, 1 2 3 4 5 6
1307, 금, 1 2
1308, 금, 3 4 5 6
1310, 금, 1 2 3 4
1401, 금, 9
1402, 금, 1 2 3 4 5 6 7 8 9
1403, 금, 1 2 7 8 9
1404, 금, 
1405, 금, 9
1406, 금, 
1407, 금, 9
1408, 금, 9
1409, 금, 9
1501, 금, 5 6
1502, 금, 1 2
1503, 금, 4 5 6 7 8 9
1504, 금, 1 2 7 8 9
1505, 금, 9
1506, 금, 5 6 9
1507, 금, 1 2 3 7 8 9
1508, 금, 9
1509, 금, 5 6
1601, 금, 9
1602, 금, 1 2 3 4 5 6
1603, 금, 1 2 3 9
1604, 금, 5 6 9
1605, 금, 9
1606, 금, 
1607, 금, 1 2 7 8 9
1608, 금, 9
1609, 금, 1 2 3 4 5 6
2000, 금, 1 2 3 4 5 6 7 8 9
2105, 금, 1 2 3
2201, 금, 1 2 3 4 5 6 7 8 9
2202, 금, 
2203, 금, 
2204, 금, 9
2205, 금, 1 2 3 9
2207, 금, 1 2 3 4 5 6 9
2208, 금, 1 2 3
2209, 금, 7 8 9
2210, 금, 1 2 9
2401, 금, 1 2 5 6 9
2402, 금, 9
2403, 금, 1 2 5 6 7 8 9
2404, 금, 3 4 9
2405, 금, 5 6 9
2407, 금, 1 2 3 4 9
2408, 금, 7 8 9
2409, 금, 1 2 3 4 9
2502, 금, 
2505, 금, 1 2 3 4 7 8 9
2506, 금, 7 8 9
2507, 금, 1 2
2508, 금, 1 2 3 4 7 8 9
2509, 금, 
2601, 금, 1 2 7 8 9
2602, 금, 1 2 3 4 8 9
2604, 금, 1 2 3 4 7 8 9
2605, 금, 3 4 9
2608, 금, 1 2 3 4 5 6 7 8 9
3106, 금, 9
3201, 금, 1 2 3 4 5 6 7 8 9
3202, 금, 1 2 7 8 9
3203, 금, 1 2 3 4 5 6 9
3204, 금, 3 4 5 6
3205, 금, 1 2 5 6
3206, 금, 1 2 3
3207, 금, 4
3301, 금, 7 8 9
3302, 금, 1 2 3 7 8 9
3303, 금, 7 8 9
3304, 금, 7 8 9
3305, 금, 9
3306, 금, 
3307, 금, 3 4 5 6 7 8 9
3308, 금, 
3401, 금, 
3402, 금, 1 2 5 6 7 8 9
3403, 금, 
3404, 금, 7 8 9
3405, 금, 
3406, 금, 7 8 9
3407, 금, 1 2 3 7 8 9
3408, 금, 
3409, 금, 
3501, 금, 7 8 9
3502, 금, 7 8
3503, 금, 
3504, 금, 7 8 9
3505, 금, 1 2 3 4 7 8 9
3506, 금, 7 8 9
3507, 금, 7 8 9
3508, 금, 4 7 8 9
3509, 금, 1 2 3 4 5 6
5001, 금, 1 2 3 9
5003, 금, 1 2 3 4 5 6 7 8 9
5101, 금, 1 2 3 4 5 6 7 8 9
5601, 금, 1 2 3 4 5 6 7 8 9
5701, 금, 1 2 3 4 5 6 7 8 9
5801, 금, 1 2 5 6 7 8 9
6105, 금, 1 2 3 4 5 6 7 8 9
6226, 금, 1 2 3 4 5 6 9
6411, 금, 1 2 3 4 5 6 7 8 9
6502, 금, 5 6 7 8 9
6503, 금, 1 2
6504, 금, 5 6 7 8 9
7208, 금, 1 2 3 4 7 8 9
C301, 금, 
C302, 금, 1 2 3 7 8 9
C303, 금, 1 2 3 4 5 6 7 8 9
C304, 금, 
C305, 금, 5 6 7 8 9
C306, 금, 1 2 9
C307, 금, 5 6 7 8 9
C308, 금, 7 8 9
C309, 금, 4 5 6 7 8 9
C310, 금, 1 2 3 4 5 6 7 8 9
C311, 금, 1 2 3
C401, 금, 
C402, 금, 1 2 3 4 5 6 7 8 9
C405, 금, 1 2
C406, 금, 1 2 5 6 9
C407, 금, 4 9
C408, 금, 1 2 3
C409, 금, 1 2 3 4 5 6 7 8 9
C412, 금, 
C413, 금, 1 2 3
C501, 금, 1 2 3 7 8 9
C514, 금, 
C515, 금, 
0115, 토, 1 2 3 4 5 6 7 8 9
0116, 토, 1 2 3 4 5 6 7 8 9
0117, 토, 1 2 3 4 5 6 7 8 9
01202, 토, 1 2 3 4 5 6 7 8 9
0211, 토, 1 2 3 4 5 6 7 8 9
0225, 토, 1 2 3 4 5 6 7 8 9
0328, 토, 1 2 3 4 5 6 7 8 9
0329, 토, 1 2 3 4 5 6 7 8 9
0330, 토, 1 2 3 4 5 6 7 8 9
0338, 토, 1 2 3 4 5 6 7 8 9
1202, 토, 1 2 3 4 5 6 7 8 9
1203, 토, 1 2 3 4 5 6 7 8 9
1204, 토, 1 2 3 4 5 6 7 8 9
1205, 토, 1 2 3 4 5 6 7 8 9
1206, 토, 1 2 3 4 5 6 7 8 9
1207, 토, 1 2 3 4 5 6 7 8 9
1208, 토, 1 2 3 4 5 6 7 8 9
1210, 토, 1 2 3 4 5 6 7 8 9
1211, 토, 1 2 3 4 5 6 7 8 9
1301, 토, 3 4 5 6 7 8 9
1302, 토, 1 2 3 4 5 6 7 8 9
1303, 토, 1 2 3 4 5 6 7 8 9
1304, 토, 1 2 3 4 5 6 7 8 9
1305, 토, 1 2 3 4 5 6 7 8 9
1306, 토, 1 2 3 4 5 6 7 8 9
1307, 토, 1 2 3 4 5 6 7 8 9
1308, 토, 1 2 3 4 5 6 7 8 9
1310, 토, 1 2 3 4 5 6 7 8 9
1401, 토, 1 2 3 4 5 6 7 8 9
1402, 토, 1 2 3 4 5 6 7 8 9
1403, 토, 1 2 3 4 5 6 7 8 9
1404, 토, 1 2 3 4 5 6 7 8 9
1405, 토, 1 2 3 4 5 6 7 8 9
1406, 토, 1 2 3 4 5 6 7 8 9
1407, 토, 1 2 3 4 5 6 7 8 9
1408, 토, 1 2 3 4 5 6 7 8 9
1409, 토, 1 2 3 4 5 6 7 8 9
1501, 토, 1 2 3 4 5 6 7 8 9
1502, 토, 1 2 3 4 5 6 7 8 9
1503, 토, 1 2 3 4 5 6 7 8 9
1504, 토, 1 2 3 4 5 6 7 8 9
1505, 토, 1 2 3 4 5 6 7 8 9
1506, 토, 1 2 3 4 5 6 7 8 9
1507, 토, 1 2 3 4 5 6 7 8 9
1508, 토, 1 2 3 4 5 6 7 8 9
1509, 토, 1 2 3 4 5 6 7 8 9
1601, 토, 1 2 3 4 5 6 7 8 9
1602, 토, 1 2 3 4 5 6 7 8 9
1603, 토, 1 2 3 4 5 6 7 8 9
1604, 토, 1 2 3 4 5 6 7 8 9
1605, 토, 1 2 3 4 5 6 7 8 9
1606, 토, 1 2 3 4 5 6 7 8 9
1607, 토, 1 2 3 4 5 6 7 8 9
1608, 토, 1 2 3 4 5 6 7 8 9
1609, 토, 1 2 3 4 5 6 7 8 9
2000, 토, 1 2 3 4 5 6 7 8 9
2105, 토, 1 2 3 4 5 6 7 8 9
2201, 토, 1 2 3 4 5 6 7 8 9
2202, 토, 1 2 3 4 5 6 7 8 9
2203, 토, 1 2 3 4 5 6 7 8 9
2204, 토, 1 2 3 4 5 6 7 8 9
2205, 토, 1 2 3 4 5 6 7 8 9
2207, 토, 1 2 3 4 5 6 7 8 9
2208, 토, 1 2 3 4 5 6 7 8 9
2209, 토, 1 2 3 4 5 6 7 8 9
2210, 토, 1 2 3 4 5 6 7 8 9
2401, 토, 1 2 3 4 5 6 7 8 9
2402, 토, 1 2 3 4 5 6 7 8 9
2403, 토, 1 2 3 4 5 6 7 8 9
2404, 토, 1 2 3 4 5 6 7 8 9
2405, 토, 1 2 3 4 5 6 7 8 9
2407, 토, 1 2 3 4 5 6 7 8 9
2408, 토, 1 2 3 4 5 6 7 8 9
2409, 토, 1 2 3 4 5 6 7 8 9
2502, 토, 1 2 3 4 5 6 7 8 9
2505, 토, 1 2 3 4 5 6 7 8 9
2506, 토, 1 2 3 4 5 6 7 8 9
2507, 토, 1 2 3 4 5 6 7 8 9
2508, 토, 1 2 3 4 5 6 7 8 9
2509, 토, 1 2 3 4 5 6 7 8 9
2601, 토, 1 2 3 4 5 6 7 8 9
2602, 토, 1 2 3 4 5 6 7 8 9
2604, 토, 1 2 3 4 5 6 7 8 9
2605, 토, 1 2 3 4 5 6 7 8 9
2608, 토, 1 2 3 4 5 6 7 8 9
3106, 토, 1 2 3 4 5 6 7 8 9
3201, 토, 1 2 3 4 5 6 7 8 9
3202, 토, 1 2 3 4 5 6 7 8 9
3203, 토, 1 2 3 4 5 6 7 8 9
3204, 토, 1 2 3 4 5 6 7 8 9
3205, 토, 1 2 3 4 5 6 7 8 9
3206, 토, 1 2 3 4 5 6 7 8 9
3207, 토, 1 2 3 4 5 6 7 8 9
3301, 토, 1 2 3 4 5 6 7 8 9
3302, 토, 1 2 3 4 5 6 7 8 9
3303, 토, 1 2 3 4 5 6 7 8 9
3304, 토, 1 2 3 4 5 6 7 8 9
3305, 토, 1 2 3 4 5 6 7 8 9
3306, 토, 1 2 3 4 5 6 7 8 9
3307, 토, 1 2 3 4 5 6 7 8 9
3308, 토, 1 2 3 4 5 6 7 8 9
3401, 토, 1 2 3 4 5 6 7 8 9
3402, 토, 1 2 3 4 5 6 7 8 9
3403, 토, 1 2 3 4 5 6 7 8 9
3404, 토, 1 2 3 4 5 6 7 8 9
3405, 토, 1 2 3 4 5 6 7 8 9
3406, 토, 1 2 3 4 5 6 7 8 9
3407, 토, 1 2 3 4 5 6 7 8 9
3408, 토, 1 2 3 4 5 6 7 8 9
3409, 토, 1 2 3 4 5 6 7 8 9
3501, 토, 1 2 3 4 5 6 7 8 9
3502, 토, 1 2 3 4 5 6 7 8 9
3503, 토, 1 2 3 4 5 6 7 8 9
3504, 토, 1 2 3 4 5 6 7 8 9
3505, 토, 1 2 3 4 5 6 7 8 9
3506, 토, 1 2 3 4 5 6 7 8 9
3507, 토, 1 2 3 4 5 6 7 8 9
3508, 토, 1 2 3 4 5 6 7 8 9
3509, 토, 1 2 3 4 5 6 7 8 9
5001, 토, 1 2 3 4 5 6 7 8 9
5003, 토, 1 2 3 4 5 6 7 8 9
5101, 토, 1 2 3 4 5 6 7 8 9
5601, 토, 1 2 3 4 5 6 7 8 9
5701, 토, 1 2 3 4 5 6 7 8 9
5801, 토, 1 2 3 4 5 6 7 8 9
6105, 토, 1 2 3 4 5 6 7 8 9
6226, 토, 1 2 3 4 5 6 7 8 9
6411, 토, 1 2 3 4 5 6 7 8 9
6502, 토, 1 2 3 4 5 6 7 8 9
6503, 토, 1 2 3 4 5 6 7 8 9
6504, 토, 1 2 3 4 5 6 7 8 9
7208, 토, 9
C301, 토, 1 2 3 4 5 6 7 8 9
C302, 토, 1 2 3 4 5 6 7 8 9
C303, 토, 1 2 3 4 5 6 7 8 9
C304, 토, 1 2 3 4 5 6 7 8 9
C305, 토, 1 2 3 4 5 6 7 8 9
C306, 토, 1 2 3 4 5 6 7 8 9
C307, 토, 1 2 3 4 5 6 7 8 9
C308, 토, 1 2 3 4 5 6 7 8 9
C309, 토, 1 2 3 4 5 6 7 8 9
C310, 토, 1 2 3 4 5 6 7 8 9
C311, 토, 1 2 3 4 5 6 7 8 9
C401, 토, 1 2 3 4 5 6 7 8 9
C402, 토, 1 2 3 4 5 6 7 8 9
C405, 토, 1 2 3 4 5 6 7 8 9
C406, 토, 1 2 3 4 5 6 7 8 9
C407, 토, 1 2 3 4 5 6 7 8 9
C408, 토, 1 2 3 4 5 6 7 8 9
C409, 토, 1 2 3 4 5 6 7 8 9
C412, 토, 1 2 3 4 5 6 7 8 9
C413, 토, 1 2 3 4 5 6 7 8 9
C501, 토, 1 2 3 4 5 6 7 8 9
C514, 토, 1 2 3 4 5 6 7 8 9
C515, 토, 1 2 3 4 5 6 7 8 9
0115, 일, 1 2 3 4 5 6 7 8 9
0116, 일, 1 2 3 4 5 6 7 8 9
0117, 일, 1 2 3 4 5 6 7 8 9
01202, 일, 1 2 3 4 5 6 7 8 9
0211, 일, 1 2 3 4 5 6 7 8 9
0225, 일, 1 2 3 4 5 6 7 8 9
0328, 일, 1 2 3 4 5 6 7 8 9
0329, 일, 1 2 3 4 5 6 7 8 9
0330, 일, 1 2 3 4 5 6 7 8 9
0338, 일, 1 2 3 4 5 6 7 8 9
1202, 일, 1 2 3 4 5 6 7 8 9
1203, 일, 1 2 3 4 5 6 7 8 9
1204, 일, 1 2 3 4 5 6 7 8 9
1205, 일, 1 2 3 4 5 6 7 8 9
1206, 일, 1 2 3 4 5 6 7 8 9
1207, 일, 1 2 3 4 5 6 7 8 9
1208, 일, 1 2 3 4 5 6 7 8 9
1210, 일, 1 2 3 4 5 6 7 8 9
1211, 일, 1 2 3 4 5 6 7 8 9
1301, 일, 1 2 3 4 5 6 7 8 9
1302, 일, 1 2 3 4 5 6 7 8 9
1303, 일, 1 2 3 4 5 6 7 8 9
1304, 일, 1 2 3 4 5 6 7 8 9
1305, 일, 1 2 3 4 5 6 7 8 9
1306, 일, 1 2 3 4 5 6 7 8 9
1307, 일, 1 2 3 4 5 6 7 8 9
1308, 일, 1 2 3 4 5 6 7 8 9
1310, 일, 1 2 3 4 5 6 7 8 9
1401, 일, 1 2 3 4 5 6 7 8 9
1402, 일, 1 2 3 4 5 6 7 8 9
1403, 일, 1 2 3 4 5 6 7 8 9
1404, 일, 1 2 3 4 5 6 7 8 9
1405, 일, 1 2 3 4 5 6 7 8 9
1406, 일, 1 2 3 4 5 6 7 8 9
1407, 일, 1 2 3 4 5 6 7 8 9
1408, 일, 1 2 3 4 5 6 7 8 9
1409, 일, 1 2 3 4 5 6 7 8 9
1501, 일, 1 2 3 4 5 6 7 8 9
1502, 일, 1 2 3 4 5 6 7 8 9
1503, 일, 1 2 3 4 5 6 7 8 9
1504, 일, 1 2 3 4 5 6 7 8 9
1505, 일, 1 2 3 4 5 6 7 8 9
1506, 일, 1 2 3 4 5 6 7 8 9
1507, 일, 1 2 3 4 5 6 7 8 9
1508, 일, 1 2 3 4 5 6 7 8 9
1509, 일, 1 2 3 4 5 6 7 8 9
1601, 일, 1 2 3 4 5 6 7 8 9
1602, 일, 1 2 3 4 5 6 7 8 9
1603, 일, 1 2 3 4 5 6 7 8 9
1604, 일, 1 2 3 4 5 6 7 8 9
1605, 일, 1 2 3 4 5 6 7 8 9
1606, 일, 1 2 3 4 5 6 7 8 9
1607, 일, 1 2 3 4 5 6 7 8 9
1608, 일, 1 2 3 4 5 6 7 8 9
1609, 일, 1 2 3 4 5 6 7 8 9
2000, 일, 1 2 3 4 5 6 7 8 9
2105, 일, 1 2 3 4 5 6 7 8 9
2201, 일, 1 2 3 4 5 6 7 8 9
2202, 일, 1 2 3 4 5 6 7 8 9
2203, 일, 1 2 3 4 5 6 7 8 9
2204, 일, 1 2 3 4 5 6 7 8 9
2205, 일, 1 2 3 4 5 6 7 8 9
2207, 일, 1 2 3 4 5 6 7 8 9
2208, 일, 1 2 3 4 5 6 7 8 9
2209, 일, 1 2 3 4 5 6 7 8 9
2210, 일, 1 2 3 4 5 6 7 8 9
2401, 일, 1 2 3 4 5 6 7 8 9
2402, 일, 1 2 3 4 5 6 7 8 9
2403, 일, 1 2 3 4 5 6 7 8 9
2404, 일, 1 2 3 4 5 6 7 8 9
2405, 일, 1 2 3 4 5 6 7 8 9
2407, 일, 1 2 3 4 5 6 7 8 9
2408, 일, 1 2 3 4 5 6 7 8 9
2409, 일, 1 2 3 4 5 6 7 8 9
2502, 일, 1 2 3 4 5 6 7 8 9
2505, 일, 1 2 3 4 5 6 7 8 9
2506, 일, 1 2 3 4 5 6 7 8 9
2507, 일, 1 2 3 4 5 6 7 8 9
2508, 일, 1 2 3 4 5 6 7 8 9
2509, 일, 1 2 3 4 5 6 7 8 9
2601, 일, 1 2 3 4 5 6 7 8 9
2602, 일, 1 2 3 4 5 6 7 8 9
2604, 일, 1 2 3 4 5 6 7 8 9
2605, 일, 1 2 3 4 5 6 7 8 9
2608, 일, 1 2 3 4 5 6 7 8 9
3106, 일, 1 2 3 4 5 6 7 8 9
3201, 일, 1 2 3 4 5 6 7 8 9
3202, 일, 1 2 3 4 5 6 7 8 9
3203, 일, 1 2 3 4 5 6 7 8 9
3204, 일, 1 2 3 4 5 6 7 8 9
3205, 일, 1 2 3 4 5 6 7 8 9
3206, 일, 1 2 3 4 5 6 7 8 9
3207, 일, 1 2 3 4 5 6 7 8 9
3301, 일, 1 2 3 4 5 6 7 8 9
3302, 일, 1 2 3 4 5 6 7 8 9
3303, 일, 1 2 3 4 5 6 7 8 9
3304, 일, 1 2 3 4 5 6 7 8 9
3305, 일, 1 2 3 4 5 6 7 8 9
3306, 일, 1 2 3 4 5 6 7 8 9
3307, 일, 1 2 3 4 5 6 7 8 9
3308, 일, 1 2 3 4 5 6 7 8 9
3401, 일, 1 2 3 4 5 6 7 8 9
3402, 일, 1 2 3 4 5 6 7 8 9
3403, 일, 1 2 3 4 5 6 7 8 9
3404, 일, 1 2 3 4 5 6 7 8 9
3405, 일, 1 2 3 4 5 6 7 8 9
3406, 일, 1 2 3 4 5 6 7 8 9
3407, 일, 1 2 3 4 5 6 7 8 9
3408, 일, 1 2 3 4 5 6 7 8 9
3409, 일, 1 2 3 4 5 6 7 8 9
3501, 일, 1 2 3 4 5 6 7 8 9
3502, 일, 1 2 3 4 5 6 7 8 9
3503, 일, 1 2 3 4 5 6 7 8 9
3504, 일, 1 2 3 4 5 6 7 8 9
3505, 일, 1 2 3 4 5 6 7 8 9
3506, 일, 1 2 3 4 5 6 7 8 9
3507, 일, 1 2 3 4 5 6 7 8 9
3508, 일, 1 2 3 4 5 6 7 8 9
3509, 일, 1 2 3 4 5 6 7 8 9
5001, 일, 1 2 3 4 5 6 7 8 9
5003, 일, 1 2 3 4 5 6 7 8 9
5101, 일, 1 2 3 4 5 6 7 8 9
5601, 일, 1 2 3 4 5 6 7 8 9
5701, 일, 1 2 3 4 5 6 7 8 9
5801, 일, 1 2 3 4 5 6 7 8 9
6105, 일, 1 2 3 4 5 6 7 8 9
6226, 일, 1 2 3 4 5 6 7 8 9
6411, 일, 1 2 3 4 5 6 7 8 9
6502, 일, 1 2 3 4 5 6 7 8 9
6503, 일, 1 2 3 4 5 6 7 8 9
6504, 일, 1 2 3 4 5 6 7 8 9
7208, 일, 1 2 3 4 5 6 7 8 9
C301, 일, 1 2 3 4 5 6 7 8 9
C302, 일, 1 2 3 4 5 6 7 8 9
C303, 일, 1 2 3 4 5 6 7 8 9
C304, 일, 1 2 3 4 5 6 7 8 9
C305, 일, 1 2 3 4 5 6 7 8 9
C306, 일, 1 2 3 4 5 6 7 8 9
C307, 일, 1 2 3 4 5 6 7 8 9
C308, 일, 1 2 3 4 5 6 7 8 9
C309, 일, 1 2 3 4 5 6 7 8 9
C310, 일, 1 2 3 4 5 6 7 8 9
C311, 일, 1 2 3 4 5 6 7 8 9
C401, 일, 1 2 3 4 5 6 7 8 9
C402, 일, 1 2 3 4 5 6 7 8 9
C405, 일, 1 2 3 4 5 6 7 8 9
C406, 일, 1 2 3 4 5 6 7 8 9
C407, 일, 1 2 3 4 5 6 7 8 9
C408, 일, 1 2 3 4 5 6 7 8 9
C409, 일, 1 2 3 4 5 6 7 8 9
C412, 일, 1 2 3 4 5 6 7 8 9
C413, 일, 1 2 3 4 5 6 7 8 9
C501, 일, 1 2 3 4 5 6 7 8 9
C514, 일, 1 2 3 4 5 6 7 8 9
C515, 일, 1 2 3 4 5 6 7 8 9